# Created by Octave 6.0.0, Thu Apr 18 05:42:32 2019 UTC <root@bff6f3dceec5>
# name: pr_curve
# type: matrix
# rows: 1000
# columns: 2
 1 6.1404316723465661e-05
 1 6.1404316723465661e-05
 1 6.1404316723465661e-05
 1 6.1404316723465661e-05
 1 9.2106475085198492e-05
 1 0.00012280863344693132
 1 0.00015351079180866414
 1 0.00015351079180866414
 1 0.00015351079180866414
 1 0.00015351079180866414
 1 0.00018421295017039698
 1 0.0002149151085321298
 1 0.00024561726689386265
 1 0.00024561726689386265
 1 0.00027631942525559546
 1 0.00030702158361732828
 1 0.00036842590034079397
 1 0.0004298302170642596
 1 0.0004298302170642596
 1 0.00046053237542599247
 1 0.00046053237542599247
 1 0.00049123453378772529
 1 0.00052193669214945805
 1 0.00055263885051119092
 1 0.00055263885051119092
 1 0.00064474532559638943
 1 0.00064474532559638943
 1 0.0006754474839581223
 1 0.0006754474839581223
 1 0.0006754474839581223
 1 0.0006754474839581223
 1 0.0006754474839581223
 1 0.00070614964231985506
 1 0.00070614964231985506
 1 0.00070614964231985506
 1 0.00070614964231985506
 1 0.0007675539590433207
 1 0.0007675539590433207
 1 0.00079825611740505357
 1 0.00079825611740505357
 1 0.00082895827576678644
 1 0.00082895827576678644
 1 0.0008596604341285192
 1 0.0008596604341285192
 1 0.0008596604341285192
 1 0.00089036259249025208
 1 0.00089036259249025208
 1 0.00089036259249025208
 1 0.00092106475085198495
 1 0.00092106475085198495
 1 0.00092106475085198495
 1 0.00092106475085198495
 1 0.00092106475085198495
 1 0.00092106475085198495
 1 0.00092106475085198495
 1 0.00095176690921371771
 1 0.00098246906757545058
 1 0.00098246906757545058
 1 0.00098246906757545058
 1 0.0010131712259371835
 1 0.0010131712259371835
 1 0.0010131712259371835
 1 0.0010131712259371835
 1 0.0010438733842989161
 1 0.0010438733842989161
 1 0.0010438733842989161
 1 0.0011359798593841147
 1 0.0011666820177458476
 1 0.0011973841761075805
 1 0.0012280863344693131
 1 0.0012280863344693131
 1 0.0012894906511927789
 1 0.0013201928095545117
 1 0.0013508949679162446
 1 0.0013508949679162446
 1 0.0013508949679162446
 1 0.0013508949679162446
 1 0.0013508949679162446
 1 0.0013508949679162446
 1 0.0013508949679162446
 1 0.0013508949679162446
 1 0.0013508949679162446
 1 0.0014122992846397101
 1 0.0014122992846397101
 1 0.0014122992846397101
 1 0.001443001443001443
 1 0.0014737036013631759
 1 0.0014737036013631759
 1 0.0014737036013631759
 1 0.0014737036013631759
 1 0.0014737036013631759
 1 0.0014737036013631759
 1 0.0014737036013631759
 1 0.0014737036013631759
 1 0.0014737036013631759
 1 0.0014737036013631759
 1 0.0014737036013631759
 1 0.0015044057597249087
 1 0.0015044057597249087
 1 0.0015044057597249087
 1 0.0015044057597249087
 1 0.0015044057597249087
 1 0.0015351079180866414
 1 0.0015351079180866414
 1 0.0015351079180866414
 1 0.0015351079180866414
 1 0.0015351079180866414
 1 0.0015658100764483743
 1 0.0015658100764483743
 1 0.0015658100764483743
 1 0.0015658100764483743
 1 0.0015658100764483743
 1 0.0015658100764483743
 1 0.0015965122348101071
 1 0.0015965122348101071
 1 0.0015965122348101071
 1 0.0015965122348101071
 1 0.0015965122348101071
 1 0.00162721439317184
 1 0.00162721439317184
 1 0.00162721439317184
 1 0.00162721439317184
 1 0.00162721439317184
 1 0.00162721439317184
 1 0.00162721439317184
 1 0.0016579165515335729
 1 0.0016579165515335729
 1 0.0016579165515335729
 1 0.0016579165515335729
 1 0.0016579165515335729
 1 0.0016579165515335729
 1 0.0016579165515335729
 1 0.0016579165515335729
 1 0.0016886187098953055
 1 0.0017500230266187713
 1 0.0017500230266187713
 1 0.0017500230266187713
 1 0.0017500230266187713
 1 0.0017500230266187713
 1 0.0017500230266187713
 1 0.0017500230266187713
 1 0.0017500230266187713
 1 0.0017500230266187713
 1 0.0017500230266187713
 1 0.0017807251849805042
 1 0.0017807251849805042
 1 0.001811427343342237
 1 0.001811427343342237
 1 0.001811427343342237
 1 0.001811427343342237
 1 0.001811427343342237
 1 0.0018421295017039699
 1 0.0018421295017039699
 1 0.0018728316600657025
 1 0.0018728316600657025
 1 0.0018728316600657025
 1 0.0018728316600657025
 1 0.0019035338184274354
 1 0.0019342359767891683
 1 0.0019342359767891683
 1 0.0019342359767891683
 1 0.0019342359767891683
 1 0.0019342359767891683
 1 0.0019649381351509012
 1 0.0019649381351509012
 1 0.0019956402935126338
 1 0.0019956402935126338
 1 0.0019956402935126338
 1 0.0019956402935126338
 1 0.0019956402935126338
 1 0.0020263424518743669
 1 0.0020263424518743669
 1 0.0020263424518743669
 1 0.0020263424518743669
 1 0.0020877467685978322
 0.98550724637681164 0.0020877467685978322
 0.98550724637681164 0.0020877467685978322
 0.98550724637681164 0.0020877467685978322
 0.98550724637681164 0.0020877467685978322
 0.98571428571428577 0.0021184489269595653
 0.98571428571428577 0.0021184489269595653
 0.98571428571428577 0.0021184489269595653
 0.98571428571428577 0.0021184489269595653
 0.98571428571428577 0.0021184489269595653
 0.9859154929577465 0.002149151085321298
 0.9859154929577465 0.002149151085321298
 0.9859154929577465 0.002149151085321298
 0.98611111111111116 0.002179853243683031
 0.98648648648648651 0.0022412575604064968
 0.98666666666666669 0.0022719597187682294
 0.97402597402597402 0.0023026618771299621
 0.97402597402597402 0.0023026618771299621
 0.97402597402597402 0.0023026618771299621
 0.97402597402597402 0.0023026618771299621
 0.97402597402597402 0.0023026618771299621
 0.97402597402597402 0.0023026618771299621
 0.97435897435897434 0.0023333640354916952
 0.97435897435897434 0.0023333640354916952
 0.97468354430379744 0.0023640661938534278
 0.97468354430379744 0.0023640661938534278
 0.97468354430379744 0.0023640661938534278
 0.97468354430379744 0.0023640661938534278
 0.97499999999999998 0.0023947683522151609
 0.97499999999999998 0.0023947683522151609
 0.97530864197530864 0.0024254705105768936
 0.97530864197530864 0.0024254705105768936
 0.97530864197530864 0.0024254705105768936
 0.97560975609756095 0.0024561726689386262
 0.97590361445783136 0.0024868748273003593
 0.97619047619047616 0.002517576985662092
 0.97647058823529409 0.0025482791440238251
 0.97674418604651159 0.0025789813023855577
 0.97701149425287359 0.0026096834607472904
 0.97727272727272729 0.0026403856191090235
 0.97727272727272729 0.0026403856191090235
 0.97727272727272729 0.0026403856191090235
 0.97727272727272729 0.0026403856191090235
 0.97752808988764039 0.0026710877774707561
 0.96666666666666667 0.0026710877774707561
 0.96666666666666667 0.0026710877774707561
 0.96666666666666667 0.0026710877774707561
 0.96666666666666667 0.0026710877774707561
 0.96703296703296704 0.0027017899358324892
 0.96703296703296704 0.0027017899358324892
 0.96703296703296704 0.0027017899358324892
 0.96739130434782605 0.0027324920941942219
 0.967741935483871 0.0027631942525559545
 0.967741935483871 0.0027631942525559545
 0.96808510638297873 0.0027938964109176876
 0.96808510638297873 0.0027938964109176876
 0.96808510638297873 0.0027938964109176876
 0.96808510638297873 0.0027938964109176876
 0.96808510638297873 0.0027938964109176876
 0.96808510638297873 0.0027938964109176876
 0.96808510638297873 0.0027938964109176876
 0.96808510638297873 0.0027938964109176876
 0.96808510638297873 0.0027938964109176876
 0.96808510638297873 0.0027938964109176876
 0.96808510638297873 0.0027938964109176876
 0.96808510638297873 0.0027938964109176876
 0.96842105263157896 0.0028245985692794203
 0.96842105263157896 0.0028245985692794203
 0.96842105263157896 0.0028245985692794203
 0.96842105263157896 0.0028245985692794203
 0.96842105263157896 0.0028245985692794203
 0.96842105263157896 0.0028245985692794203
 0.96875 0.0028553007276411533
 0.96875 0.0028553007276411533
 0.96875 0.0028553007276411533
 0.96907216494845361 0.002886002886002886
 0.96938775510204078 0.0029167050443646187
 0.96969696969696972 0.0029474072027263517
 0.96969696969696972 0.0029474072027263517
 0.96969696969696972 0.0029474072027263517
 0.96999999999999997 0.0029781093610880844
 0.96999999999999997 0.0029781093610880844
