# Created by Octave 6.0.0, Wed Apr 03 14:06:04 2019 UTC <root@e1aed29322aa>
# name: pr_curve
# type: matrix
# rows: 1000
# columns: 2
 1 5.9639182943193678e-05
 1 5.9639182943193678e-05
 1 5.9639182943193678e-05
 1 5.9639182943193678e-05
 1 8.9458774414790523e-05
 1 0.00011927836588638736
 1 0.0001490979573579842
 1 0.0001490979573579842
 1 0.0001490979573579842
 1 0.0001490979573579842
 1 0.00017891754882958105
 1 0.00020873714030117787
 1 0.00023855673177277471
 1 0.00023855673177277471
 1 0.00026837632324437156
 1 0.0002981959147159684
 1 0.00035783509765916209
 1 0.00041747428060235573
 1 0.00041747428060235573
 1 0.00044729387207395258
 1 0.00044729387207395258
 1 0.00047711346354554942
 1 0.00050693305501714621
 1 0.00053675264648874311
 1 0.00053675264648874311
 1 0.0006262114209035336
 1 0.0006262114209035336
 1 0.0006560310123751305
 1 0.0006560310123751305
 1 0.0006560310123751305
 1 0.0006560310123751305
 1 0.0006560310123751305
 1 0.00068585060384672729
 1 0.00068585060384672729
 1 0.00068585060384672729
 1 0.00068585060384672729
 1 0.00074548978678992098
 1 0.00074548978678992098
 1 0.00077530937826151777
 1 0.00077530937826151777
 1 0.00080512896973311467
 1 0.00080512896973311467
 1 0.00083494856120471146
 1 0.00083494856120471146
 1 0.00083494856120471146
 1 0.00086476815267630836
 1 0.00086476815267630836
 1 0.00086476815267630836
 1 0.00089458774414790515
 1 0.00089458774414790515
 1 0.00089458774414790515
 1 0.00089458774414790515
 1 0.00089458774414790515
 1 0.00089458774414790515
 1 0.00089458774414790515
 1 0.00092440733561950205
 1 0.00095422692709109884
 1 0.00095422692709109884
 1 0.00095422692709109884
 1 0.00098404651856269574
 1 0.00098404651856269574
 1 0.00098404651856269574
 1 0.00098404651856269574
 1 0.0010138661100342924
 1 0.0010138661100342924
 1 0.0010138661100342924
 1 0.0011033248844490831
 1 0.0011331444759206798
 1 0.0011629640673922767
 1 0.0011927836588638736
 1 0.0011927836588638736
 1 0.0012524228418070672
 1 0.0012822424332786641
 1 0.001312062024750261
 1 0.001312062024750261
 1 0.001312062024750261
 1 0.001312062024750261
 1 0.001312062024750261
 1 0.001312062024750261
 1 0.001312062024750261
 1 0.001312062024750261
 1 0.001312062024750261
 1 0.0013717012076934546
 1 0.0013717012076934546
 1 0.0013717012076934546
 1 0.0014015207991650515
 1 0.0014313403906366484
 1 0.0014313403906366484
 1 0.0014313403906366484
 1 0.0014313403906366484
 1 0.0014313403906366484
 1 0.0014313403906366484
 1 0.0014313403906366484
 1 0.0014313403906366484
 1 0.0014313403906366484
 1 0.0014313403906366484
 1 0.0014313403906366484
 1 0.0014611599821082451
 1 0.0014611599821082451
 1 0.0014611599821082451
 1 0.0014611599821082451
 1 0.0014611599821082451
 1 0.001490979573579842
 1 0.001490979573579842
 1 0.001490979573579842
 1 0.001490979573579842
 1 0.001490979573579842
 1 0.0015207991650514389
 1 0.0015207991650514389
 1 0.0015207991650514389
 1 0.0015207991650514389
 1 0.0015207991650514389
 1 0.0015207991650514389
 1 0.0015506187565230355
 1 0.0015506187565230355
 1 0.0015506187565230355
 1 0.0015506187565230355
 1 0.0015506187565230355
 1 0.0015804383479946324
 1 0.0015804383479946324
 1 0.0015804383479946324
 1 0.0015804383479946324
 1 0.0015804383479946324
 1 0.0015804383479946324
 1 0.0015804383479946324
 1 0.0016102579394662293
 1 0.0016102579394662293
 1 0.0016102579394662293
 1 0.0016102579394662293
 1 0.0016102579394662293
 1 0.0016102579394662293
 1 0.0016102579394662293
 1 0.0016102579394662293
 1 0.0016400775309378262
 1 0.0016997167138810198
 1 0.0016997167138810198
 1 0.0016997167138810198
 1 0.0016997167138810198
 1 0.0016997167138810198
 1 0.0016997167138810198
 1 0.0016997167138810198
 1 0.0016997167138810198
 1 0.0016997167138810198
 1 0.0016997167138810198
 1 0.0017295363053526167
 1 0.0017295363053526167
 1 0.0017593558968242134
 1 0.0017593558968242134
 1 0.0017593558968242134
 1 0.0017593558968242134
 1 0.0017593558968242134
 1 0.0017891754882958103
 1 0.0017891754882958103
 1 0.0018189950797674072
 1 0.0018189950797674072
 1 0.0018189950797674072
 1 0.0018189950797674072
 1 0.0018488146712390041
 1 0.0018786342627106008
 1 0.0018786342627106008
 1 0.0018786342627106008
 1 0.0018786342627106008
 1 0.0018786342627106008
 1 0.0019084538541821977
 1 0.0019084538541821977
 1 0.0019382734456537946
 1 0.0019382734456537946
 1 0.0019382734456537946
 1 0.0019382734456537946
 1 0.0019382734456537946
 1 0.0019680930371253915
 1 0.0019680930371253915
 1 0.0019680930371253915
 1 0.0019680930371253915
 1 0.0020277322200685849
 0.98550724637681164 0.0020277322200685849
 0.98550724637681164 0.0020277322200685849
 0.98550724637681164 0.0020277322200685849
 0.98550724637681164 0.0020277322200685849
 0.98571428571428577 0.0020575518115401818
 0.98571428571428577 0.0020575518115401818
 0.98571428571428577 0.0020575518115401818
 0.98571428571428577 0.0020575518115401818
 0.98571428571428577 0.0020575518115401818
 0.9859154929577465 0.0020873714030117787
 0.9859154929577465 0.0020873714030117787
 0.9859154929577465 0.0020873714030117787
 0.98611111111111116 0.0021171909944833756
 0.98648648648648651 0.0021768301774265694
 0.98666666666666669 0.0022066497688981663
 0.97402597402597402 0.0022364693603697627
 0.97402597402597402 0.0022364693603697627
 0.97402597402597402 0.0022364693603697627
 0.97402597402597402 0.0022364693603697627
 0.97402597402597402 0.0022364693603697627
 0.97402597402597402 0.0022364693603697627
 0.97435897435897434 0.0022662889518413596
 0.97435897435897434 0.0022662889518413596
 0.97468354430379744 0.0022961085433129565
 0.97468354430379744 0.0022961085433129565
 0.97468354430379744 0.0022961085433129565
 0.97468354430379744 0.0022961085433129565
 0.97499999999999998 0.0023259281347845534
 0.97499999999999998 0.0023259281347845534
 0.97530864197530864 0.0023557477262561503
 0.97530864197530864 0.0023557477262561503
 0.97530864197530864 0.0023557477262561503
 0.97560975609756095 0.0023855673177277472
 0.97590361445783136 0.0024153869091993441
 0.97619047619047616 0.002445206500670941
 0.97647058823529409 0.0024750260921425375
 0.97674418604651159 0.0025048456836141344
 0.97701149425287359 0.0025346652750857313
 0.97727272727272729 0.0025644848665573282
 0.97727272727272729 0.0025644848665573282
 0.97727272727272729 0.0025644848665573282
 0.97727272727272729 0.0025644848665573282
 0.97752808988764039 0.0025943044580289251
 0.96666666666666667 0.0025943044580289251
 0.96666666666666667 0.0025943044580289251
 0.96666666666666667 0.0025943044580289251
 0.96666666666666667 0.0025943044580289251
 0.96703296703296704 0.002624124049500522
 0.96703296703296704 0.002624124049500522
 0.96703296703296704 0.002624124049500522
 0.96739130434782605 0.0026539436409721189
 0.967741935483871 0.0026837632324437154
 0.967741935483871 0.0026837632324437154
 0.96808510638297873 0.0027135828239153123
 0.96808510638297873 0.0027135828239153123
 0.96808510638297873 0.0027135828239153123
 0.96808510638297873 0.0027135828239153123
 0.96808510638297873 0.0027135828239153123
 0.96808510638297873 0.0027135828239153123
 0.96808510638297873 0.0027135828239153123
 0.96808510638297873 0.0027135828239153123
 0.96808510638297873 0.0027135828239153123
 0.96808510638297873 0.0027135828239153123
 0.96808510638297873 0.0027135828239153123
 0.96808510638297873 0.0027135828239153123
 0.96842105263157896 0.0027434024153869092
 0.96842105263157896 0.0027434024153869092
 0.96842105263157896 0.0027434024153869092
 0.96842105263157896 0.0027434024153869092
 0.96842105263157896 0.0027434024153869092
 0.96842105263157896 0.0027434024153869092
 0.96875 0.0027732220068585061
 0.96875 0.0027732220068585061
 0.96875 0.0027732220068585061
 0.96907216494845361 0.002803041598330103
 0.96938775510204078 0.0028328611898016999
 0.96969696969696972 0.0028626807812732968
 0.96969696969696972 0.0028626807812732968
 0.96969696969696972 0.0028626807812732968
 0.96999999999999997 0.0028925003727448932
 0.96999999999999997 0.0028925003727448932
