# Created by Octave 6.0.0, Thu May 09 20:53:57 2019 UTC <root@9a03e2d981ef>
# name: pr_curve
# type: matrix
# rows: 1000
# columns: 2
 1 0.0026096834607472904
 0.97641509433962259 0.0063553467808786955
 0.96013289036544847 0.008872923766540787
 0.95161290322580649 0.010868564060053421
 0.94613583138173307 0.012403671978140064
 0.9383983572895277 0.014030886371311902
 0.93609022556390975 0.01528967486414295
 0.93055555555555558 0.016456356881888796
 0.92483660130718959 0.01737742163274078
 0.92141756548536213 0.018359890700316232
 0.91630591630591629 0.019495870559700347
 0.91746905089408526 0.020478339627275799
 0.91612057667103541 0.021460808694851247
 0.91057934508816119 0.022197660495532835
 0.90765492102065615 0.022934512296214425
 0.89683470105509966 0.023487151146725616
 0.89204545454545459 0.02410119431396027
 0.89336235038084877 0.025206472014982655
 0.88818565400843885 0.025851217340579043
 0.8848920863309353 0.026434558349451968
 0.8867924528301887 0.027417027417027416
 0.88138862102217941 0.028061772742623805
 0.88295880149812733 0.028952135335114058
 0.88175985334555451 0.029535476343986983
 0.87477477477477472 0.029811795769242578
 0.87147887323943662 0.030395136778115502
 0.8702749140893471 0.031101286420435355
 0.86756077116512997 0.031776733904393478
 0.86490939044481052 0.032237266279819474
 0.86326860841423947 0.03275920297196893
 0.86031746031746037 0.033281139664118387
 0.86048324240062357 0.033895182831353045
 0.85780169100691772 0.034263608731693838
 0.85779122541603636 0.034816247582205029
 0.85522388059701493 0.035184673482545822
 0.85577630610743194 0.035706610174695279
 0.85475671750181559 0.03613644039175954
 0.85232974910394266 0.036504866292100334
 0.85109386026817224 0.03702680298424979
 0.84930555555555554 0.037548739676399254
 0.84815321477428185 0.03807067636854871
 0.84740040513166781 0.038531208743974699
 0.84666666666666668 0.038991741119400694
 0.84331797235023043 0.039329464861379754
 0.84338138925294892 0.039513677811550151
 0.84111543450064852 0.039820699395167483
 0.8403846153846154 0.040250529612231738
 0.83924050632911396 0.040711061987657733
 0.83668341708542715 0.04089527493782813
 0.83530142945929153 0.041263700838168924
 0.8340530536705737 0.041509318105062788
 0.83231334149326808 0.041754935371956646
 0.83070388349514568 0.042031254797212245
 0.82941531042796868 0.042246169905744375
 0.82559523809523805 0.042583893647723435
 0.82516243354991137 0.042890915231340761
 0.823943661971831 0.043105830339872891
 0.82113821138211385 0.043412851923490224
 0.81928406466512704 0.043566362715298887
 0.81859931113662454 0.043781277823831018
 0.8177676537585421 0.044088299407448343
 0.81592320722755507 0.044364618832703942
 0.81365416899832121 0.044640938257959534
 0.8123608017817372 0.044794449049768197
 0.81163434903047094 0.044978661999938593
 0.81033534909290816 0.045254981425194192
 0.80918534718425372 0.045439194375364589
 0.80792186652197506 0.045715513800620181
 0.80723542116630664 0.045899726750790577
 0.80763030628694255 0.046145344017684442
 0.80746666666666667 0.046483067759663502
 0.80509824747742964 0.04654447207638697
 0.80136626379400944 0.046820791501642568
 0.80073030777256127 0.047127813085259894
 0.7977178423236515 0.047219919560345089
 0.79772374547335745 0.047342728193792025
 0.79651460789338802 0.047711154094132818
 0.79491094147582697 0.047956771361026683
 0.79441624365482233 0.048048877836111878
 0.79454820797576986 0.048325197261367477
 0.79277471149021572 0.048509410211537873
 0.79251870324189522 0.048785729636793465
 0.79067460317460314 0.048939240428602128
 0.79053721044849679 0.049246262012219461
 0.78882900538951495 0.049430474962389857
 0.7877312560856865 0.049676092229283722
 0.78450363196125905 0.049737496546007183
 0.78275529865125237 0.049891007337815846
 0.78198370867273603 0.050105922446347977
 0.780580675868634 0.050351539713241841
 0.78061465721040191 0.050689263455220901
 0.77939793038570082 0.050873476405391298
 0.77918424753867788 0.051026987197199961
 0.77891791044776115 0.051272604464093825
 0.77767441860465114 0.051334008780817293
 0.77777777777777779 0.051579626047711151
 0.77690531177829103 0.051641030364434619
 0.77568807339449541 0.051917349789690218
 0.77523983554134313 0.052101562739860614
 0.77459016393442626 0.052224371373307543
 0.77485247389922829 0.05240858432347794
 0.77496610935381838 0.052654201590371805
 0.77412082957619477 0.052715605907095266
 0.77433826828174068 0.052991925332350864
 0.77360178970917226 0.053084031807436066
 0.77323254779902184 0.053391053391053392
 0.77236492471213458 0.053544564182862055
 0.77136563876651987 0.053759479291394185
 0.76997366110623355 0.05385158576647938
 0.7688266199649737 0.053912990083202848
 0.76735050196420773 0.053974394399926316
 0.76652173913043475 0.054127905191734979
 0.76679670567837022 0.054312118141905376
 0.76650841605524389 0.054527033250437507
 0.76483233018056751 0.054619139725522702
 0.76249466040153779 0.054803352675693098
 0.76073098172545683 0.054956863467501768
 0.76089716462124413 0.055202480734395626
 0.76097972972972971 0.055325289367842562
 0.75988225399495379 0.055478800159651225
 0.7598656591099916 0.055570906634736419
 0.75951484734420749 0.055755119584906816
 0.75936719400499586 0.056000736851800681
 0.75693581780538299 0.05612354548524761
 0.7569129178704086 0.056307758435418007
 0.75503493629264284 0.056399864910503208
 0.75337976239246207 0.056461269227226676
 0.75142624286878568 0.056614780019035339
 0.75040650406504061 0.056676184335758807
 0.75030352084176444 0.056921801602652665
 0.74798711755233493 0.057044610236099601
 0.74609531437725274 0.057198121027908264
 0.74590491410307636 0.057320929661355192
 0.74453714739769572 0.057535844769887323
 0.74505928853754944 0.057873568511866383
 0.74487381703470035 0.057996377145313319
 0.74333855799373039 0.058241994412207176
 0.74201091192517532 0.058456909520739307
 0.74135922330097093 0.05861042031254797
 0.73978411719352355 0.058917441896165303
 0.73866256725595691 0.059009548371250498
 0.73839662447257381 0.059101654846335699
 0.73804971319311663 0.059255165638144362
 0.73834988540870894 0.059347272113229557
 0.73818597560975607 0.059470080746676493
 0.7378419452887538 0.059623591538485156
 0.7374005305039788 0.059746400171932085
 0.73769871309613932 0.059838506647017287
 0.73773584905660372 0.060022719597187683
 0.73609022556390979 0.060114826072272878
 0.73493073755147886 0.060268336864081548
 0.7347777362719462 0.060391145497528477
 0.73353181987346483 0.060513954130975406
 0.732739420935412 0.060606060606060608
 0.73222222222222222 0.060698167081145803
 0.73133776792313376 0.060759571397869271
 0.73126614987080107 0.060820975714592738
 0.7309532572690467 0.060974486506401401
 0.73061374494671072 0.061035890823124862
 0.73010634396773011 0.061127997298210064
 0.73013548150860486 0.061220103773295266
 0.72989766081871343 0.061312210248380461
 0.72929587741700108 0.061373614565103929
 0.7293946024799417 0.061404316723465663
 0.72829640392299311 0.061557827515274326
 0.72796517954298146 0.061619231831997787
 0.72760115606936415 0.061834146940529917
 0.72730547550432278 0.06198765773233858
 0.72779575692197052 0.06214116852414725
 0.72772988505747127 0.062202572840870711
 0.72636103151862463 0.062263977157594179
 0.72577761887736858 0.062325381474317647
 0.72535714285714281 0.062356083632679381
 0.72417465388711399 0.062632403057934979
 0.72363765038924277 0.062785913849743635
 0.72361454288739857 0.062939424641552305
 0.72243747798520608 0.062970126799914039
 0.72150122763942481 0.063154339750084429
 0.72084063047285463 0.063185041908446163
 0.72076788830715532 0.063399957016978287
 0.72055749128919866 0.063492063492063489
 0.72059846903270708 0.06358416996714869
 0.71979166666666672 0.063645574283872158
 0.71947423037011415 0.063860489392404282
 0.71896551724137936 0.064014000184212952
 0.71856699965552873 0.064044702342574686
 0.71737637362637363 0.064136808817659888
 0.71614672608844698 0.064136808817659888
