# Created by Octave 6.0.0, Mon May 13 16:36:28 2019 UTC <root@04a0f8e2c52b>
# name: pr_curve
# type: matrix
# rows: 1000
# columns: 2
 1 0.020710059171597635
 1 0.046351084812623275
 0.98333333333333328 0.058185404339250492
 0.98571428571428577 0.068047337278106509
 0.98701298701298701 0.074950690335305714
 0.98809523809523814 0.081854043392504933
 0.98901098901098905 0.088757396449704137
 0.98958333333333337 0.093688362919132157
 0.97979797979797978 0.095660749506903356
 0.97058823529411764 0.097633136094674555
 0.97058823529411764 0.097633136094674555
 0.97058823529411764 0.097633136094674555
 0.970873786407767 0.098619329388560162
 0.97142857142857142 0.10059171597633136
 0.97142857142857142 0.10059171597633136
 0.97272727272727277 0.10552268244575937
 0.97345132743362828 0.10848126232741617
 0.97391304347826091 0.11045364891518737
 0.97457627118644063 0.11341222879684418
 0.97478991596638653 0.11439842209072978
 0.97478991596638653 0.11439842209072978
 0.97520661157024791 0.11637080867850098
 0.97540983606557374 0.11735700197238659
 0.97599999999999998 0.1203155818540434
 0.96875 0.1222879684418146
 0.96183206106870234 0.1242603550295858
 0.96183206106870234 0.1242603550295858
 0.96240601503759393 0.12623274161735701
 0.96268656716417911 0.12721893491124261
 0.96296296296296291 0.12820512820512819
 0.96323529411764708 0.1291913214990138
 0.96323529411764708 0.1291913214990138
 0.96323529411764708 0.1291913214990138
 0.96323529411764708 0.1291913214990138
 0.96350364963503654 0.13017751479289941
 0.96350364963503654 0.13017751479289941
 0.95714285714285718 0.13214990138067062
 0.95774647887323938 0.13412228796844181
 0.95774647887323938 0.13412228796844181
 0.95804195804195802 0.13510848126232741
 0.95804195804195802 0.13510848126232741
 0.95804195804195802 0.13510848126232741
 0.95833333333333337 0.13609467455621302
 0.95890410958904104 0.13806706114398423
 0.95890410958904104 0.13806706114398423
 0.95238095238095233 0.13806706114398423
 0.95238095238095233 0.13806706114398423
 0.95302013422818788 0.14003944773175542
 0.95333333333333337 0.14102564102564102
 0.95364238410596025 0.14201183431952663
 0.94771241830065356 0.14299802761341224
 0.94838709677419353 0.14497041420118342
 0.94871794871794868 0.14595660749506903
 0.94904458598726116 0.14694280078895464
 0.94968553459119498 0.14891518737672585
 0.94968553459119498 0.14891518737672585
 0.9503105590062112 0.15088757396449703
 0.95061728395061729 0.15187376725838264
 0.95092024539877296 0.15285996055226825
 0.95092024539877296 0.15285996055226825
 0.95151515151515154 0.15483234714003946
 0.95180722891566261 0.15581854043392504
 0.95180722891566261 0.15581854043392504
 0.95294117647058818 0.15976331360946747
 0.95321637426900585 0.16074950690335305
 0.95375722543352603 0.16272189349112426
 0.95375722543352603 0.16272189349112426
 0.95454545454545459 0.16568047337278108
 0.95454545454545459 0.16568047337278108
 0.9550561797752809 0.16765285996055226
 0.95580110497237569 0.17061143984220908
 0.95580110497237569 0.17061143984220908
 0.9505494505494505 0.17061143984220908
 0.95081967213114749 0.17159763313609466
 0.95108695652173914 0.17258382642998027
 0.95108695652173914 0.17258382642998027
 0.95108695652173914 0.17258382642998027
 0.95108695652173914 0.17258382642998027
 0.95108695652173914 0.17258382642998027
 0.9513513513513514 0.17357001972386588
 0.9513513513513514 0.17357001972386588
 0.95161290322580649 0.17455621301775148
 0.95187165775401072 0.17554240631163709
 0.95187165775401072 0.17554240631163709
 0.95187165775401072 0.17554240631163709
 0.95187165775401072 0.17554240631163709
 0.95187165775401072 0.17554240631163709
 0.95187165775401072 0.17554240631163709
 0.9521276595744681 0.1765285996055227
 0.9521276595744681 0.1765285996055227
 0.95238095238095233 0.17751479289940827
 0.95263157894736838 0.17850098619329388
 0.95263157894736838 0.17850098619329388
 0.95263157894736838 0.17850098619329388
 0.953125 0.18047337278106509
 0.94871794871794868 0.18244575936883628
 0.94897959183673475 0.18343195266272189
 0.94897959183673475 0.18343195266272189
 0.94897959183673475 0.18343195266272189
 0.94897959183673475 0.18343195266272189
 0.94897959183673475 0.18343195266272189
 0.949238578680203 0.18441814595660749
 0.949238578680203 0.18441814595660749
 0.949238578680203 0.18441814595660749
 0.949238578680203 0.18441814595660749
 0.949238578680203 0.18441814595660749
 0.949238578680203 0.18441814595660749
 0.94974874371859297 0.18639053254437871
 0.94974874371859297 0.18639053254437871
 0.94974874371859297 0.18639053254437871
 0.94974874371859297 0.18639053254437871
 0.94999999999999996 0.18737672583826431
 0.95024875621890548 0.18836291913214989
 0.95024875621890548 0.18836291913214989
 0.95049504950495045 0.1893491124260355
 0.95049504950495045 0.1893491124260355
 0.95049504950495045 0.1893491124260355
 0.95049504950495045 0.1893491124260355
 0.95073891625615758 0.19033530571992111
 0.95073891625615758 0.19033530571992111
 0.95073891625615758 0.19033530571992111
 0.95073891625615758 0.19033530571992111
 0.95073891625615758 0.19033530571992111
 0.9509803921568627 0.19132149901380671
 0.9509803921568627 0.19132149901380671
 0.9509803921568627 0.19132149901380671
 0.95121951219512191 0.19230769230769232
 0.95121951219512191 0.19230769230769232
 0.95169082125603865 0.1942800788954635
 0.9425837320574163 0.1942800788954635
 0.9425837320574163 0.1942800788954635
 0.9425837320574163 0.1942800788954635
 0.9425837320574163 0.1942800788954635
 0.9425837320574163 0.1942800788954635
 0.9425837320574163 0.1942800788954635
 0.9425837320574163 0.1942800788954635
 0.9425837320574163 0.1942800788954635
 0.9425837320574163 0.1942800788954635
 0.9425837320574163 0.1942800788954635
 0.9425837320574163 0.1942800788954635
 0.9425837320574163 0.1942800788954635
 0.9425837320574163 0.1942800788954635
 0.9425837320574163 0.1942800788954635
 0.9425837320574163 0.1942800788954635
 0.94285714285714284 0.19526627218934911
 0.94285714285714284 0.19526627218934911
 0.94285714285714284 0.19526627218934911
 0.94339622641509435 0.19723865877712032
 0.94366197183098588 0.19822485207100593
 0.94392523364485981 0.19921104536489151
 0.9447004608294931 0.20216962524654833
 0.94495412844036697 0.20315581854043394
 0.9452054794520548 0.20414201183431951
 0.9452054794520548 0.20414201183431951
 0.94545454545454544 0.20512820512820512
 0.94545454545454544 0.20512820512820512
 0.94545454545454544 0.20512820512820512
 0.94545454545454544 0.20512820512820512
 0.94570135746606332 0.20611439842209073
 0.94570135746606332 0.20611439842209073
 0.94570135746606332 0.20611439842209073
 0.94570135746606332 0.20611439842209073
 0.94570135746606332 0.20611439842209073
 0.94570135746606332 0.20611439842209073
 0.94144144144144148 0.20611439842209073
 0.94170403587443952 0.20710059171597633
 0.94170403587443952 0.20710059171597633
 0.94170403587443952 0.20710059171597633
 0.94170403587443952 0.20710059171597633
 0.94170403587443952 0.20710059171597633
 0.9419642857142857 0.20808678500986194
 0.94222222222222218 0.20907297830374755
 0.93805309734513276 0.20907297830374755
 0.93805309734513276 0.20907297830374755
 0.93805309734513276 0.20907297830374755
 0.93805309734513276 0.20907297830374755
 0.93805309734513276 0.20907297830374755
 0.93805309734513276 0.20907297830374755
 0.93832599118942728 0.21005917159763313
 0.93832599118942728 0.21005917159763313
 0.93832599118942728 0.21005917159763313
 0.93832599118942728 0.21005917159763313
 0.93832599118942728 0.21005917159763313
 0.93832599118942728 0.21005917159763313
 0.93832599118942728 0.21005917159763313
 0.93832599118942728 0.21005917159763313
 0.93859649122807021 0.21104536489151873
 0.93859649122807021 0.21104536489151873
 0.93859649122807021 0.21104536489151873
 0.93859649122807021 0.21104536489151873
 0.93859649122807021 0.21104536489151873
 0.93859649122807021 0.21104536489151873
 0.93449781659388642 0.21104536489151873
 0.93449781659388642 0.21104536489151873
