# Created by Octave 6.0.0, Mon May 13 16:36:15 2019 UTC <root@c5e07ac3a030>
# name: pr_curve
# type: matrix
# rows: 1000
# columns: 2
 1 0.0039447731755424065
 1 0.0059171597633136093
 1 0.0098619329388560158
 0.92307692307692313 0.011834319526627219
 0.94736842105263153 0.017751479289940829
 0.95833333333333337 0.022682445759368838
 0.96296296296296291 0.02564102564102564
 0.967741935483871 0.029585798816568046
 0.97058823529411764 0.032544378698224852
 0.97222222222222221 0.034516765285996058
 0.97297297297297303 0.035502958579881658
 0.97368421052631582 0.036489151873767257
 0.97499999999999998 0.038461538461538464
 0.97560975609756095 0.039447731755424063
 0.9375 0.044378698224852069
 0.9375 0.044378698224852069
 0.92156862745098034 0.046351084812623275
 0.92452830188679247 0.048323471400394474
 0.92727272727272725 0.050295857988165681
 0.92982456140350878 0.052268244575936887
 0.93103448275862066 0.053254437869822487
 0.91803278688524592 0.055226824457593686
 0.90322580645161288 0.055226824457593686
 0.890625 0.056213017751479293
 0.890625 0.056213017751479293
 0.890625 0.056213017751479293
 0.86363636363636365 0.056213017751479293
 0.85507246376811596 0.058185404339250492
 0.84285714285714286 0.058185404339250492
 0.84285714285714286 0.058185404339250492
 0.81944444444444442 0.058185404339250492
 0.82666666666666666 0.061143984220907298
 0.79746835443037978 0.062130177514792898
 0.80722891566265065 0.06607495069033531
 0.80952380952380953 0.067061143984220903
 0.80000000000000004 0.067061143984220903
 0.80000000000000004 0.067061143984220903
 0.7931034482758621 0.068047337278106509
 0.79545454545454541 0.069033530571992116
 0.79120879120879117 0.071005917159763315
 0.79569892473118276 0.072978303747534515
 0.79569892473118276 0.072978303747534515
 0.79569892473118276 0.072978303747534515
 0.79000000000000004 0.07790927021696252
 0.78217821782178221 0.07790927021696252
 0.78431372549019607 0.078895463510848127
 0.77669902912621358 0.078895463510848127
 0.77142857142857146 0.079881656804733733
 0.76415094339622647 0.079881656804733733
 0.76415094339622647 0.079881656804733733
 0.7592592592592593 0.080867850098619326
 0.75454545454545452 0.081854043392504933
 0.75454545454545452 0.081854043392504933
 0.75454545454545452 0.081854043392504933
 0.75454545454545452 0.081854043392504933
 0.75454545454545452 0.081854043392504933
 0.74774774774774777 0.081854043392504933
 0.7410714285714286 0.081854043392504933
 0.73451327433628322 0.081854043392504933
 0.72807017543859653 0.081854043392504933
 0.72173913043478266 0.081854043392504933
 0.72173913043478266 0.081854043392504933
 0.70940170940170943 0.081854043392504933
 0.70940170940170943 0.081854043392504933
 0.70940170940170943 0.081854043392504933
 0.70940170940170943 0.081854043392504933
 0.70940170940170943 0.081854043392504933
 0.70940170940170943 0.081854043392504933
 0.70940170940170943 0.081854043392504933
 0.70338983050847459 0.081854043392504933
 0.70588235294117652 0.082840236686390539
 0.70588235294117652 0.082840236686390539
 0.69421487603305787 0.082840236686390539
 0.69421487603305787 0.082840236686390539
 0.69421487603305787 0.082840236686390539
 0.68292682926829273 0.082840236686390539
 0.6796875 0.085798816568047331
 0.6796875 0.085798816568047331
 0.67692307692307696 0.086785009861932938
 0.67938931297709926 0.087771203155818545
 0.66911764705882348 0.089743589743589744
 0.66187050359712229 0.090729783037475351
 0.65714285714285714 0.090729783037475351
 0.65714285714285714 0.090729783037475351
 0.65957446808510634 0.091715976331360943
 0.6619718309859155 0.09270216962524655
 0.6619718309859155 0.09270216962524655
 0.6619718309859155 0.09270216962524655
 0.65972222222222221 0.093688362919132157
 0.65986394557823125 0.095660749506903356
 0.65986394557823125 0.095660749506903356
 0.64238410596026485 0.095660749506903356
 0.62580645161290327 0.095660749506903356
 0.61783439490445857 0.095660749506903356
 0.61392405063291144 0.095660749506903356
 0.59756097560975607 0.096646942800788949
 0.59756097560975607 0.096646942800788949
 0.59638554216867468 0.097633136094674555
 0.59638554216867468 0.097633136094674555
 0.58823529411764708 0.098619329388560162
 0.5780346820809249 0.098619329388560162
 0.5714285714285714 0.098619329388560162
 0.56818181818181823 0.098619329388560162
 0.56497175141242939 0.098619329388560162
 0.55865921787709494 0.098619329388560162
 0.56111111111111112 0.099605522682445755
 0.56111111111111112 0.099605522682445755
 0.56043956043956045 0.10059171597633136
 0.55978260869565222 0.10157790927021697
 0.55978260869565222 0.10157790927021697
 0.55978260869565222 0.10157790927021697
 0.55913978494623651 0.10256410256410256
 0.55263157894736847 0.10355029585798817
 0.55497382198952883 0.10453648915187377
 0.55440414507772018 0.10552268244575937
 0.54871794871794877 0.10552268244575937
 0.54871794871794877 0.10552268244575937
 0.54871794871794877 0.10552268244575937
 0.54871794871794877 0.10552268244575937
 0.54545454545454541 0.10650887573964497
 0.52941176470588236 0.10650887573964497
 0.51923076923076927 0.10650887573964497
 0.51923076923076927 0.10650887573964497
 0.51674641148325362 0.10650887573964497
 0.51674641148325362 0.10650887573964497
 0.51184834123222744 0.10650887573964497
 0.51184834123222744 0.10650887573964497
 0.50943396226415094 0.10650887573964497
 0.5 0.10650887573964497
 0.5 0.10749506903353057
 0.5 0.10749506903353057
 0.49545454545454548 0.10749506903353057
 0.49321266968325794 0.10749506903353057
 0.49327354260089684 0.10848126232741617
 0.48684210526315791 0.10946745562130178
 0.48684210526315791 0.10946745562130178
 0.48684210526315791 0.10946745562130178
 0.48471615720524019 0.10946745562130178
 0.48471615720524019 0.10946745562130178
 0.4826086956521739 0.10946745562130178
 0.4788135593220339 0.11143984220907298
 0.4788135593220339 0.11143984220907298
 0.47679324894514769 0.11143984220907298
 0.47679324894514769 0.11143984220907298
 0.47679324894514769 0.11143984220907298
 0.47679324894514769 0.11143984220907298
 0.47679324894514769 0.11143984220907298
 0.47679324894514769 0.11143984220907298
 0.47280334728033474 0.11143984220907298
 0.46887966804979253 0.11143984220907298
 0.46502057613168724 0.11143984220907298
 0.46530612244897956 0.11242603550295859
 0.46341463414634149 0.11242603550295859
 0.46153846153846156 0.11242603550295859
 0.45967741935483869 0.11242603550295859
 0.45967741935483869 0.11242603550295859
 0.45783132530120479 0.11242603550295859
 0.45783132530120479 0.11242603550295859
 0.45783132530120479 0.11242603550295859
 0.45816733067729082 0.11341222879684418
 0.452755905511811 0.11341222879684418
 0.453125 0.11439842209072978
 0.44961240310077522 0.11439842209072978
 0.45173745173745172 0.11538461538461539
 0.45173745173745172 0.11538461538461539
 0.44486692015209123 0.11538461538461539
 0.44318181818181818 0.11538461538461539
 0.44150943396226416 0.11538461538461539
 0.44150943396226416 0.11538461538461539
 0.44150943396226416 0.11538461538461539
 0.44150943396226416 0.11538461538461539
 0.44150943396226416 0.11538461538461539
 0.44029850746268656 0.11637080867850098
 0.4375 0.11735700197238659
 0.4358974358974359 0.11735700197238659
 0.43430656934306572 0.11735700197238659
 0.43321299638989169 0.11834319526627218
 0.43321299638989169 0.11834319526627218
 0.43321299638989169 0.11834319526627218
 0.43321299638989169 0.11834319526627218
 0.43214285714285716 0.11932938856015779
 0.43416370106761565 0.1203155818540434
 0.43416370106761565 0.1203155818540434
 0.43416370106761565 0.1203155818540434
 0.42957746478873238 0.1203155818540434
 0.42807017543859649 0.1203155818540434
 0.42657342657342656 0.1203155818540434
 0.42657342657342656 0.1203155818540434
 0.42657342657342656 0.1203155818540434
 0.42657342657342656 0.1203155818540434
 0.4236111111111111 0.1203155818540434
 0.4236111111111111 0.1203155818540434
 0.42214532871972316 0.1203155818540434
 0.42214532871972316 0.1203155818540434
 0.41924398625429554 0.1203155818540434
