# Created by Octave 6.0.0, Thu May 09 18:28:12 2019 UTC <root@9afb10081e9a>
# name: pr_curve
# type: matrix
# rows: 1000
# columns: 2
 1 0.00027631942525559546
 1 0.00046053237542599247
 0.875 0.0008596604341285192
 0.88888888888888884 0.00098246906757545058
 0.91489361702127658 0.0013201928095545117
 0.9152542372881356 0.0016579165515335729
 0.92682926829268297 0.0023333640354916952
 0.90322580645161288 0.0025789813023855577
 0.91176470588235292 0.0028553007276411533
 0.87179487179487181 0.0031316201528967485
 0.8582677165354331 0.0033465352614288784
 0.86428571428571432 0.0037149611617696724
 0.85161290322580641 0.0040526849037487338
 0.83435582822085885 0.0041754935371956644
 0.8342857142857143 0.0044825151208129936
 0.82887700534759357 0.0047588345460685888
 0.82564102564102559 0.0049430474962389856
 0.82296650717703346 0.0052807712382180469
 0.82191780821917804 0.005526388505111909
 0.81739130434782614 0.005772005772005772
 0.81404958677685946 0.0060483251972613672
 0.8127490039840638 0.0062632403057934971
 0.81153846153846154 0.006478155414325627
 0.80219780219780223 0.0067237726812194899
 0.79577464788732399 0.0069386877897516198
 0.78859060402684567 0.007215007215007215
 0.77848101265822789 0.0075527309569862764
 0.77083333333333337 0.007951859015688803
 0.77142857142857146 0.0082895827576678644
 0.77222222222222225 0.0085352000245617274
 0.77211796246648789 0.0088422216081790548
 0.7615384615384615 0.00911854103343465
 0.75 0.0094869669337754436
 0.74117647058823533 0.0096711798839458421
 0.73287671232876717 0.0098553928341162389
 0.73170731707317072 0.010131712259371834
 0.71125265392781312 0.010285223051180499
 0.70661157024793386 0.010500138159712628
 0.70647773279352222 0.010715053268244758
 0.70099009900990095 0.010868564060053421
 0.69379844961240311 0.010991372693500354
 0.68679245283018864 0.01117558564367075
 0.6783088235294118 0.011329096435479415
 0.67620751341681573 0.01160541586073501
 0.67364746945898779 0.011851033127628873
 0.67068965517241375 0.011943139602714072
 0.65661641541038529 0.01203524607779927
 0.65614617940199338 0.012127352552884468
 0.64886731391585761 0.012311565503054865
 0.64308176100628933 0.012557182769948728
 0.63720930232558137 0.012618587086672193
 0.62839879154078548 0.012772097878480857
 0.625 0.013048417303736452
 0.61560283687943262 0.013324736728992048
 0.60808926080892611 0.013386141045715514
 0.60273972602739723 0.013508949679162444
 0.60053981106612686 0.013662460470971109
 0.59602649006622521 0.013815971262779773
 0.5940337224383917 0.014061588529673636
 0.58629441624365486 0.014184397163120567
 0.57901234567901239 0.014399312271652698
 0.57365269461077839 0.014706333855270025
 0.56323185011709598 0.014767738171993491
 0.55239179954441908 0.014890546805440422
 0.54074889867841414 0.015074759755610819
 0.53239740820734338 0.015136164072334285
 0.51778242677824271 0.015197568389057751
 0.51024590163934425 0.01528967486414295
 0.50251256281407031 0.015351079180866416
 0.49852796859666337 0.015596696447760277
 0.49375600384245916 0.015780909397930674
 0.49338374291115311 0.016026526664824538
 0.49017773620205801 0.016087930981548003
 0.4883936861652739 0.016149335298271467
 0.48534798534798534 0.0162721439317184
 0.48071748878923765 0.016456356881888796
 0.47814451382694023 0.016456356881888796
 0.47456140350877191 0.016609867673697459
 0.47058823529411764 0.016701974148782658
 0.466268146883006 0.016763378465506126
 0.46316680779000846 0.01679408062386786
 0.46083333333333332 0.016978293574038256
 0.45573770491803278 0.017070400049123455
 0.45380875202593191 0.017193208682570384
 0.45047923322683708 0.017316017316017316
 0.44707740916271721 0.01737742163274078
 0.44218750000000001 0.01737742163274078
 0.44202334630350193 0.017438825949464248
 0.4393241167434716 0.017561634582911177
 0.43570347957639938 0.01768444321635811
 0.43343195266272189 0.017991464799975439
 0.43160204828090709 0.018114273433422371
 0.4287769784172662 0.018298486383592768
 0.42765502494654312 0.018421295017039697
 0.42614840989399294 0.018513401492124895
 0.42160278745644597 0.018574805808848363
 0.42006920415224913 0.018636210125571828
 0.41877998629198082 0.01875901875901876
 0.41627118644067795 0.018851125234103958
 0.41298527443105754 0.018943231709189157
 0.4107965766951942 0.019158146817721287
 0.40714285714285714 0.019250253292806486
 0.40530058177117001 0.019250253292806486
 0.40114431023521935 0.019373061926253415
 0.4022627278441232 0.01964938135150901
 0.39950217797137522 0.019710785668232478
 0.3996282527881041 0.019802892143317676
 0.39791538933169834 0.019925700776764605
 0.39539114614918131 0.020017807251849803
 0.39395770392749246 0.020017807251849803
 0.39001189060642094 0.020140615885296736
 0.3876470588235294 0.020232722360381934
 0.38474970896391153 0.020294126677105402
 0.38399539435808866 0.020478339627275799
 0.3830275229357798 0.020509041785637529
 0.38173567782189449 0.020662552577446196
 0.3796400449943757 0.02072395689416966
 0.37757947573898493 0.020785361210893125
 0.37576092971776426 0.020846765527616593
 0.37166212534059945 0.020938872002701791
 0.36918918918918919 0.020969574161063521
 0.36629452418926101 0.021153787111233918
 0.36469344608879495 0.021184489269595652
 0.36425576519916142 0.021338000061404318
 0.3635889410537298 0.021399404378127783
 0.36053719008264462 0.021430106536489517
 0.35801838610827375 0.021522213011574715
 0.35768645357686452 0.021645021645021644
 0.35509794073329987 0.021706425961745112
 0.35346979530703942 0.021737128120106843
 0.35064292779426309 0.021767830278468576
 0.34882583170254405 0.021890638911915509
 0.34671179883945841 0.022013447545362438
 0.34512428298279157 0.022166958337171104
 0.344860255802937 0.022351171287341501
 0.34336782690498591 0.022412575604064965
 0.34190832553788586 0.022443277762426699
 0.33984193398419338 0.022443277762426699
 0.338093044679871 0.022535384237511898
 0.33730522456461959 0.022596788554235362
 0.3340878225441376 0.02265819287095883
 0.33258728737690241 0.022811703662767493
 0.33007985803016859 0.022842405821129227
 0.32935982339955849 0.022903810137852691
 0.32849604221635886 0.022934512296214425
 0.32764654418197725 0.02299591661293789
 0.32637075718015668 0.023026618771299624
 0.32495667244367415 0.023026618771299624
 0.32371932845458457 0.023088023088023088
 0.32293891499359251 0.02321083172147002
 0.32156529136537643 0.02321083172147002
 0.32037193575655115 0.023272236038193485
 0.31803005008347246 0.023395044671640417
 0.31821963394342762 0.023487151146725616
 0.31698268755152514 0.023609959780172544
 0.31546644844517185 0.023671364096896012
 0.31529698942229456 0.023794172730342945
 0.31493506493506496 0.023824874888704675
 0.31363088057901084 0.023947683522151608
 0.31217564870259479 0.024009087838875072
 0.31130573248407645 0.024009087838875072
 0.30960854092526691 0.024039789997236806
 0.30863224280646434 0.024039789997236806
 0.30769230769230771 0.02407049215559854
 0.30691136274892622 0.024131896472322004
 0.30559875583203733 0.024131896472322004
 0.30456656346749228 0.024162598630683738
 0.30299539170506912 0.024224002947407203
 0.30159939070830161 0.024316109422492401
 0.30015140045420136 0.024346811580854135
 0.29898458066942457 0.0244082158975776
 0.29775280898876405 0.0244082158975776
 0.29613095238095238 0.024438918055939333
 0.29562314540059348 0.024469620214301064
 0.2948339483394834 0.024531024531024532
 0.29411764705882354 0.024561726689386262
 0.29265619291194739 0.024592428847747996
 0.29148471615720523 0.024592428847747996
 0.29067245119305857 0.024684535322833195
 0.28976660682226213 0.024776641797918393
 0.28820184790334041 0.024899450431365325
 0.28652081863091039 0.024930152589727059
 0.2853127196064652 0.024930152589727059
 0.28411476557032889 0.024930152589727059
 0.28367062107466851 0.02496085474808879
 0.28273706147968042 0.024991556906450524
 0.28123924268502581 0.025083663381535722
 0.28004108182129406 0.025114365539897456
 0.28035470668485674 0.025237174173344385
