# Created by Octave 6.0.0, Mon May 13 16:35:43 2019 UTC <root@9abc7efdf962>
# name: pr_curve
# type: matrix
# rows: 1000
# columns: 2
 1 0.016765285996055226
 1 0.023668639053254437
 1 0.034516765285996058
 1 0.040433925049309663
 0.97674418604651159 0.04142011834319527
 0.97872340425531912 0.045364891518737675
 0.97999999999999998 0.048323471400394474
 0.96226415094339623 0.050295857988165681
 0.9642857142857143 0.053254437869822487
 0.96551724137931039 0.055226824457593686
 0.96610169491525422 0.056213017751479293
 0.96610169491525422 0.056213017751479293
 0.967741935483871 0.059171597633136092
 0.97014925373134331 0.064102564102564097
 0.97014925373134331 0.064102564102564097
 0.97101449275362317 0.06607495069033531
 0.95833333333333337 0.068047337278106509
 0.95890410958904104 0.069033530571992116
 0.95999999999999996 0.071005917159763315
 0.96202531645569622 0.074950690335305714
 0.96250000000000002 0.075936883629191321
 0.96296296296296291 0.076923076923076927
 0.95238095238095233 0.078895463510848127
 0.95238095238095233 0.078895463510848127
 0.95238095238095233 0.078895463510848127
 0.95238095238095233 0.078895463510848127
 0.95294117647058818 0.079881656804733733
 0.95294117647058818 0.079881656804733733
 0.95402298850574707 0.081854043392504933
 0.95402298850574707 0.081854043392504933
 0.95454545454545459 0.082840236686390539
 0.9550561797752809 0.083826429980276132
 0.95604395604395609 0.085798816568047331
 0.95604395604395609 0.085798816568047331
 0.95604395604395609 0.085798816568047331
 0.95604395604395609 0.085798816568047331
 0.956989247311828 0.087771203155818545
 0.95744680851063835 0.088757396449704137
 0.95876288659793818 0.091715976331360943
 0.95918367346938771 0.09270216962524655
 0.95918367346938771 0.09270216962524655
 0.9494949494949495 0.09270216962524655
 0.9494949494949495 0.09270216962524655
 0.95049504950495045 0.094674556213017749
 0.9509803921568627 0.095660749506903356
 0.9509803921568627 0.095660749506903356
 0.95192307692307687 0.097633136094674555
 0.95238095238095233 0.098619329388560162
 0.95238095238095233 0.098619329388560162
 0.95238095238095233 0.098619329388560162
 0.95283018867924529 0.099605522682445755
 0.95283018867924529 0.099605522682445755
 0.95283018867924529 0.099605522682445755
 0.95370370370370372 0.10157790927021697
 0.95370370370370372 0.10157790927021697
 0.95370370370370372 0.10157790927021697
 0.95370370370370372 0.10157790927021697
 0.95370370370370372 0.10157790927021697
 0.95412844036697253 0.10256410256410256
 0.95412844036697253 0.10256410256410256
 0.95454545454545459 0.10355029585798817
 0.95454545454545459 0.10355029585798817
 0.95495495495495497 0.10453648915187377
 0.95495495495495497 0.10453648915187377
 0.95495495495495497 0.10453648915187377
 0.95575221238938057 0.10650887573964497
 0.95575221238938057 0.10650887573964497
 0.95575221238938057 0.10650887573964497
 0.95575221238938057 0.10650887573964497
 0.95652173913043481 0.10848126232741617
 0.95652173913043481 0.10848126232741617
 0.9568965517241379 0.10946745562130178
 0.9568965517241379 0.10946745562130178
 0.9576271186440678 0.11143984220907298
 0.9576271186440678 0.11143984220907298
 0.95833333333333337 0.11341222879684418
 0.95901639344262291 0.11538461538461539
 0.95934959349593496 0.11637080867850098
 0.95967741935483875 0.11735700197238659
 0.95999999999999996 0.11834319526627218
 0.96031746031746035 0.11932938856015779
 0.96062992125984248 0.1203155818540434
 0.9609375 0.12130177514792899
 0.9609375 0.12130177514792899
 0.9609375 0.12130177514792899
 0.96124031007751942 0.1222879684418146
 0.96124031007751942 0.1222879684418146
 0.96124031007751942 0.1222879684418146
 0.96124031007751942 0.1222879684418146
 0.96124031007751942 0.1222879684418146
 0.96124031007751942 0.1222879684418146
 0.96124031007751942 0.1222879684418146
 0.96124031007751942 0.1222879684418146
 0.96153846153846156 0.1232741617357002
 0.96183206106870234 0.1242603550295858
 0.96212121212121215 0.1252465483234714
 0.96240601503759393 0.12623274161735701
 0.96240601503759393 0.12623274161735701
 0.96268656716417911 0.12721893491124261
 0.96268656716417911 0.12721893491124261
 0.96268656716417911 0.12721893491124261
 0.96296296296296291 0.12820512820512819
 0.96296296296296291 0.12820512820512819
 0.96323529411764708 0.1291913214990138
 0.96323529411764708 0.1291913214990138
 0.96323529411764708 0.1291913214990138
 0.96323529411764708 0.1291913214990138
 0.96323529411764708 0.1291913214990138
 0.96323529411764708 0.1291913214990138
 0.96376811594202894 0.13116370808678501
 0.96402877697841727 0.13214990138067062
 0.96402877697841727 0.13214990138067062
 0.96402877697841727 0.13214990138067062
 0.95714285714285718 0.13214990138067062
 0.95744680851063835 0.13313609467455623
 0.95774647887323938 0.13412228796844181
 0.95774647887323938 0.13412228796844181
 0.95804195804195802 0.13510848126232741
 0.95833333333333337 0.13609467455621302
 0.9517241379310345 0.13609467455621302
 0.9517241379310345 0.13609467455621302
 0.9517241379310345 0.13609467455621302
 0.95205479452054798 0.13708086785009863
 0.95205479452054798 0.13708086785009863
 0.95205479452054798 0.13708086785009863
 0.95205479452054798 0.13708086785009863
 0.95270270270270274 0.13905325443786981
 0.95333333333333337 0.14102564102564102
 0.95333333333333337 0.14102564102564102
 0.94701986754966883 0.14102564102564102
 0.94736842105263153 0.14201183431952663
 0.94736842105263153 0.14201183431952663
 0.94736842105263153 0.14201183431952663
 0.94736842105263153 0.14201183431952663
 0.94736842105263153 0.14201183431952663
 0.94736842105263153 0.14201183431952663
 0.94736842105263153 0.14201183431952663
 0.94736842105263153 0.14201183431952663
 0.94736842105263153 0.14201183431952663
 0.94736842105263153 0.14201183431952663
 0.94771241830065356 0.14299802761341224
 0.94805194805194803 0.14398422090729784
 0.94838709677419353 0.14497041420118342
 0.94871794871794868 0.14595660749506903
 0.94871794871794868 0.14595660749506903
 0.94871794871794868 0.14595660749506903
 0.94904458598726116 0.14694280078895464
 0.94904458598726116 0.14694280078895464
 0.94904458598726116 0.14694280078895464
 0.94904458598726116 0.14694280078895464
 0.94904458598726116 0.14694280078895464
 0.94936708860759489 0.14792899408284024
 0.94936708860759489 0.14792899408284024
 0.94339622641509435 0.14792899408284024
 0.94374999999999998 0.14891518737672585
 0.94409937888198758 0.14990138067061143
 0.94409937888198758 0.14990138067061143
 0.94444444444444442 0.15088757396449703
 0.94444444444444442 0.15088757396449703
 0.94444444444444442 0.15088757396449703
 0.94444444444444442 0.15088757396449703
 0.94444444444444442 0.15088757396449703
 0.94444444444444442 0.15088757396449703
 0.94444444444444442 0.15088757396449703
 0.94444444444444442 0.15088757396449703
 0.94444444444444442 0.15088757396449703
 0.94444444444444442 0.15088757396449703
 0.94444444444444442 0.15088757396449703
 0.94478527607361962 0.15187376725838264
 0.94478527607361962 0.15187376725838264
 0.94512195121951215 0.15285996055226825
 0.94512195121951215 0.15285996055226825
 0.94512195121951215 0.15285996055226825
 0.94512195121951215 0.15285996055226825
 0.94512195121951215 0.15285996055226825
 0.94512195121951215 0.15285996055226825
 0.94545454545454544 0.15384615384615385
 0.94545454545454544 0.15384615384615385
 0.94578313253012047 0.15483234714003946
 0.94578313253012047 0.15483234714003946
 0.94578313253012047 0.15483234714003946
 0.94578313253012047 0.15483234714003946
 0.94578313253012047 0.15483234714003946
 0.94578313253012047 0.15483234714003946
 0.94578313253012047 0.15483234714003946
 0.94578313253012047 0.15483234714003946
 0.94578313253012047 0.15483234714003946
 0.94610778443113774 0.15581854043392504
 0.9464285714285714 0.15680473372781065
 0.9464285714285714 0.15680473372781065
 0.9464285714285714 0.15680473372781065
 0.9464285714285714 0.15680473372781065
 0.9464285714285714 0.15680473372781065
 0.94674556213017746 0.15779092702169625
