# Created by Octave 6.0.0, Thu May 09 18:21:45 2019 UTC <root@4a65d4f3e04b>
# name: pr_curve
# type: matrix
# rows: 1000
# columns: 2
 0.94350282485875703 0.0051272604464093824
 0.9285714285714286 0.0067851769979429552
 0.92307692307692313 0.0081053698074974676
 0.92097264437689974 0.0093027539836050468
 0.91388888888888886 0.010101010101010102
 0.91122715404699739 0.010715053268244758
 0.90579710144927539 0.011513309385649812
 0.90322580645161288 0.01203524607779927
 0.90652173913043477 0.012802800036842589
 0.89938398357289528 0.01344754536243898
 0.88671875 0.013938779896226704
 0.88867924528301889 0.014460716588376162
 0.88482632541133455 0.01485984464707869
 0.88035714285714284 0.015136164072334285
 0.87609075043630014 0.01541248349758988
 0.86993243243243246 0.015811611556292408
 0.86623164763458405 0.016302846090080134
 0.86698717948717952 0.016609867673697459
 0.86562499999999998 0.017008995732399987
 0.86349693251533743 0.017285315157655582
 0.86165413533834589 0.017592336741272911
 0.85988200589970498 0.01789935832489024
 0.85921625544267055 0.018175677750145836
 0.85285714285714287 0.018329188541954498
 0.85159500693481271 0.018851125234103958
 0.84646739130434778 0.019127444659359553
 0.84462151394422313 0.019526572718062081
 0.83615084525357608 0.019741487826594208
 0.83440308087291404 0.019956402935126339
 0.82976040353089531 0.020202020202020204
 0.82896379525593011 0.020386233152190601
 0.8255528255528255 0.020631850419084462
 0.82582216808769793 0.020816063369254859
 0.82430806257521061 0.021030978477786989
 0.82556750298685777 0.021215191427957386
 0.82562277580071175 0.021368702219766049
 0.82573099415204676 0.021675723803383378
 0.82366589327146167 0.02179853243683031
 0.82183908045977017 0.021952043228638973
 0.81890660592255127 0.022074851862085906
 0.8190045248868778 0.022228362653894568
 0.81675977653631282 0.022443277762426699
 0.81616832779623483 0.022627490712597096
 0.81318681318681318 0.022719597187682294
 0.81004366812227069 0.022781001504405759
 0.8082340195016251 0.022903810137852691
 0.80558539205155744 0.023026618771299624
 0.80531914893617018 0.023241533879831751
 0.80529100529100528 0.023364342513278683
 0.80462184873949583 0.023517853305087346
 0.8041666666666667 0.023702066255257746
 0.80371900826446285 0.023886279205428143
 0.80040941658137155 0.024009087838875072
 0.79858299595141702 0.024224002947407203
 0.79820179820179815 0.024531024531024532
 0.79781962338949453 0.024715237481194929
 0.79585798816568043 0.024776641797918393
 0.79454722492697172 0.025052961223173988
 0.7940327237728585 0.025329280648429583
 0.79482262703739215 0.025452089281876516
 0.79352997145575643 0.025605600073685179
 0.79170593779453347 0.025789813023855575
 0.78957169459962762 0.02603543029074944
 0.78703703703703709 0.026096834607472905
 0.78670360110803328 0.026158238924196373
 0.78643446379468374 0.026342451874366769
 0.78467153284671531 0.026403856191090234
 0.78331822302810517 0.026526664824537166
 0.78351449275362317 0.026557366982898897
 0.77887197851387646 0.026710877774707563
 0.77491103202846978 0.026741579933069293
 0.7740511915269197 0.02692579288323969
 0.7745614035087719 0.02711000583341009
 0.77526132404181181 0.027324920941942218
 0.77374784110535411 0.027509133892112615
 0.7738607050730868 0.027631942525559547
 0.77159965782720275 0.027693346842283011
 0.76890399320305858 0.02778545331736821
 0.76838546069315306 0.027908261950815142
 0.76381909547738691 0.02800036842590034
 0.76249999999999996 0.028092474900985539
 0.76033057851239672 0.028245985692794202
 0.7576006573541495 0.02830739000951767
 0.75404530744336573 0.028614411593134999
 0.75302663438256656 0.028645113751496729
 0.75261044176706826 0.028767922384943662
 0.7516025641025641 0.028798624543305396
 0.75119236883942764 0.029013539651837523
 0.75 0.029105646126922721
 0.75019638648860953 0.029320561235454852
 0.7474589523064894 0.029351263393816586
 0.7463035019455253 0.029443369868901784
 0.74285714285714288 0.029535476343986983
 0.74268104776579358 0.029596880660710447
 0.74003067484662577 0.029627582819072181
 0.73856707317073167 0.029750391452519113
 0.73728170083523159 0.029811795769242578
 0.73616376042456411 0.029811795769242578
 0.7356495468277946 0.029903902244327776
 0.73589164785553052 0.030026710877774709
 0.73174366616989572 0.030149519511221638
 0.73111111111111116 0.030303030303030304
 0.72881355932203384 0.030364434619753768
 0.72814107274063189 0.030425838936477233
 0.72813411078717205 0.030671456203371097
 0.72621641249092228 0.030702158361732831
 0.72418772563176892 0.03079426483681803
 0.72134670487106012 0.030917073470264959
 0.72008547008547008 0.031039882103711891
 0.71903750884642603 0.031193392895520554
 0.71670190274841439 0.031224095053882288
 0.7148876404494382 0.031254797212244022
 0.71348707197763805 0.031346903687329217
 0.71239554317548748 0.031408308004052685
 0.71210013908205838 0.031439010162414419
 0.71220527045769766 0.031531116637499614
 0.71201657458563539 0.031653925270946549
 0.70996563573883165 0.03171532958767001
 0.70890410958904104 0.031776733904393478
 0.70813397129186606 0.031807436062755212
 0.70716723549488059 0.031807436062755212
 0.70564242012236578 0.03186884037947868
 0.70520622041920211 0.032022351171287343
 0.70465273095077541 0.032083755488010804
 0.7041022192333557 0.032145159804734272
 0.70434782608695656 0.032329372754904669
 0.70185922974767601 0.032452181388351604
 0.70066225165562912 0.032482883546713331
 0.69788918205804751 0.032482883546713331
 0.69573770491803277 0.032574990021798533
 0.69516971279373363 0.032697798655245462
 0.69420949902407292 0.03275920297196893
 0.69375812743823151 0.03275920297196893
 0.6919093851132686 0.032820607288692398
 0.69072164948453607 0.032912713763777593
 0.69043031470777139 0.033004820238862795
 0.69018601667735724 0.033035522397224522
 0.68969929622520798 0.03309692671394799
 0.68813775510204078 0.033127628872309724
 0.68829516539440205 0.033219735347394919
 0.68821292775665399 0.033342543980841854
 0.68686868686868685 0.033403948297565315
 0.68702770780856426 0.033496054772650517
 0.68628678772698815 0.03364956556445918
 0.68519675202998132 0.033680267722820914
 0.68512756689483512 0.033803076356267843
 0.68404717566728734 0.033833778514629577
 0.68336425479282625 0.033925884989714779
 0.68243243243243246 0.034110097939885176
 0.68179031269160029 0.03414080009824691
 0.68156766687078996 0.034171502256608637
 0.68090298962782181 0.034263608731693838
 0.68026796589524974 0.034294310890055572
 0.67941712204007287 0.034355715206779033
 0.67837674136886739 0.034386417365140767
 0.67792521109770809 0.034509225998587703
 0.67629362214199762 0.034509225998587703
 0.67666466706658668 0.034632034632034632
 0.67685851318944845 0.034662736790396366
 0.67703349282296654 0.034754843265481561
 0.67761194029850746 0.034846949740566763
 0.67876264128494945 0.03503116269073716
 0.6795023696682464 0.035215375640907556
 0.67947959787108225 0.035276779957631024
 0.67926757235676316 0.035307482115992751
 0.67926757235676316 0.035307482115992751
 0.67964601769911503 0.035368886432716219
 0.67943429581614612 0.035399588591077953
 0.67863449087698646 0.035399588591077953
 0.67798594847775173 0.035553099382886616
 0.67817437097717959 0.03558380154124835
 0.67717454757734963 0.035614503699610084
 0.67676179382644142 0.035675908016333545
 0.6763678696158324 0.035675908016333545
 0.6767266395821242 0.035798716649780481
 0.67652173913043478 0.035829418808142215
 0.67650462962962965 0.035890823124865676
 0.67572254335260118 0.035890823124865676
 0.67494226327944573 0.035890823124865676
 0.67433831990794013 0.035982929599950877
 0.67452558941920648 0.036013631758312611
 0.67412507171543312 0.036075036075036072
 0.67352773013150369 0.036167142550121274
 0.67351598173515981 0.036228546866844742
 0.67313177410154024 0.036228546866844742
 0.67273762094479228 0.036289951183568203
 0.67215909090909087 0.036320653341929937
 0.67233560090702948 0.036412759817015139
