# Created by Octave 6.0.0, Thu Apr 18 05:40:40 2019 UTC <root@982a6f5b1c22>
# name: pr_curve
# type: matrix
# rows: 1000
# columns: 2
 1 9.2106475085198492e-05
 1 0.00012280863344693132
 1 0.00012280863344693132
 1 0.00018421295017039698
 1 0.00018421295017039698
 1 0.0002149151085321298
 1 0.0002149151085321298
 1 0.0002149151085321298
 1 0.00024561726689386265
 1 0.00024561726689386265
 1 0.00024561726689386265
 1 0.00027631942525559546
 1 0.00027631942525559546
 1 0.00027631942525559546
 1 0.00033772374197906115
 1 0.0004298302170642596
 1 0.0004298302170642596
 1 0.00046053237542599247
 1 0.00049123453378772529
 1 0.00049123453378772529
 1 0.00052193669214945805
 1 0.00052193669214945805
 1 0.00052193669214945805
 1 0.00052193669214945805
 1 0.00055263885051119092
 1 0.00055263885051119092
 1 0.00055263885051119092
 1 0.00055263885051119092
 1 0.00055263885051119092
 1 0.00055263885051119092
 1 0.00055263885051119092
 1 0.00055263885051119092
 1 0.00055263885051119092
 1 0.00055263885051119092
 1 0.00055263885051119092
 1 0.0005833410088729238
 1 0.00061404316723465656
 1 0.00064474532559638943
 1 0.0006754474839581223
 1 0.00070614964231985506
 1 0.00070614964231985506
 1 0.00073685180068158794
 1 0.00073685180068158794
 1 0.00073685180068158794
 1 0.0007675539590433207
 1 0.0007675539590433207
 1 0.0007675539590433207
 1 0.0007675539590433207
 1 0.00079825611740505357
 1 0.00079825611740505357
 1 0.00079825611740505357
 1 0.00092106475085198495
 1 0.00092106475085198495
 1 0.00092106475085198495
 1 0.00092106475085198495
 1 0.00098246906757545058
 1 0.00098246906757545058
 1 0.00098246906757545058
 1 0.00098246906757545058
 1 0.00098246906757545058
 1 0.00098246906757545058
 1 0.00098246906757545058
 1 0.00098246906757545058
 1 0.00098246906757545058
 1 0.00098246906757545058
 1 0.00098246906757545058
 1 0.00098246906757545058
 1 0.00098246906757545058
 1 0.001074575542660649
 1 0.001074575542660649
 1 0.001074575542660649
 1 0.001074575542660649
 1 0.001074575542660649
 1 0.001074575542660649
 1 0.0011052777010223818
 1 0.0011052777010223818
 1 0.0011052777010223818
 1 0.0011052777010223818
 1 0.0011052777010223818
 1 0.0011052777010223818
 1 0.0011052777010223818
 1 0.0011052777010223818
 1 0.0011052777010223818
 1 0.0011052777010223818
 1 0.0011359798593841147
 1 0.0011359798593841147
 1 0.0011359798593841147
 1 0.0011666820177458476
 1 0.0011973841761075805
 1 0.0012280863344693131
 1 0.0012280863344693131
 1 0.001258788492831046
 1 0.001258788492831046
 1 0.001258788492831046
 1 0.0012894906511927789
 1 0.0013201928095545117
 1 0.0013508949679162446
 1 0.0013815971262779773
 1 0.0013815971262779773
 1 0.0013815971262779773
 1 0.0013815971262779773
 1 0.0013815971262779773
 1 0.0013815971262779773
 1 0.0013815971262779773
 1 0.0014122992846397101
 1 0.0014122992846397101
 1 0.001443001443001443
 1 0.001443001443001443
 1 0.001443001443001443
 1 0.001443001443001443
 1 0.001443001443001443
 1 0.0014737036013631759
 1 0.0014737036013631759
 1 0.0015044057597249087
 1 0.0015044057597249087
 1 0.0015044057597249087
 1 0.0015044057597249087
 1 0.0015351079180866414
 1 0.0015351079180866414
 1 0.0015351079180866414
 1 0.0015351079180866414
 1 0.0015658100764483743
 1 0.0015658100764483743
 1 0.0015965122348101071
 1 0.00162721439317184
 1 0.00162721439317184
 1 0.0016579165515335729
 1 0.0016579165515335729
 1 0.0016886187098953055
 1 0.0016886187098953055
 1 0.0016886187098953055
 1 0.0017193208682570384
 1 0.0017193208682570384
 1 0.0017193208682570384
 1 0.0017193208682570384
 1 0.0017193208682570384
 1 0.0017193208682570384
 1 0.0017193208682570384
 1 0.0017500230266187713
 1 0.0017500230266187713
 1 0.0017500230266187713
 1 0.0017500230266187713
 1 0.0017500230266187713
 1 0.0017500230266187713
 1 0.0017500230266187713
 1 0.0017807251849805042
 1 0.0017807251849805042
 1 0.0017807251849805042
 1 0.0017807251849805042
 1 0.0017807251849805042
 1 0.0017807251849805042
 1 0.0017807251849805042
 1 0.0017807251849805042
 1 0.0017807251849805042
 1 0.0017807251849805042
 1 0.0017807251849805042
 1 0.0017807251849805042
 1 0.0018421295017039699
 1 0.0018421295017039699
 1 0.0018421295017039699
 1 0.0018728316600657025
 1 0.0018728316600657025
 1 0.0018728316600657025
 1 0.0018728316600657025
 1 0.0018728316600657025
 1 0.0018728316600657025
 1 0.0018728316600657025
 1 0.0018728316600657025
 1 0.0018728316600657025
 1 0.0018728316600657025
 1 0.0018728316600657025
 1 0.0018728316600657025
 1 0.0018728316600657025
 1 0.0018728316600657025
 1 0.0019035338184274354
 1 0.0019035338184274354
 1 0.0019342359767891683
 1 0.0019342359767891683
 1 0.0019342359767891683
 1 0.0019342359767891683
 1 0.0019649381351509012
 1 0.0019649381351509012
 1 0.0020263424518743669
 1 0.0020263424518743669
 1 0.0020263424518743669
 1 0.0020570446102360996
 1 0.0020570446102360996
 1 0.0020570446102360996
 1 0.0020570446102360996
 1 0.0020570446102360996
 1 0.0020570446102360996
 1 0.0020570446102360996
 1 0.0020570446102360996
 1 0.0020570446102360996
 1 0.0020570446102360996
 1 0.0020570446102360996
 1 0.0020570446102360996
 1 0.0020570446102360996
 1 0.0020570446102360996
 1 0.0020570446102360996
 1 0.0020570446102360996
 1 0.0020570446102360996
 1 0.0020877467685978322
 1 0.0020877467685978322
 1 0.0020877467685978322
 1 0.0020877467685978322
 1 0.0020877467685978322
 1 0.0020877467685978322
 1 0.0020877467685978322
 1 0.0020877467685978322
 1 0.0020877467685978322
 1 0.0020877467685978322
 1 0.0020877467685978322
 1 0.0020877467685978322
 1 0.0021184489269595653
 1 0.002179853243683031
 1 0.002179853243683031
 1 0.002179853243683031
 1 0.002179853243683031
 1 0.002179853243683031
 1 0.002179853243683031
 1 0.002179853243683031
 1 0.002179853243683031
 1 0.002179853243683031
 1 0.002179853243683031
 1 0.0022105554020447637
 1 0.0022105554020447637
 1 0.0022105554020447637
 1 0.0022105554020447637
 1 0.0022105554020447637
 1 0.0022105554020447637
 1 0.0022105554020447637
 1 0.0022105554020447637
 1 0.0022105554020447637
 1 0.0022105554020447637
 1 0.0022105554020447637
 1 0.0022105554020447637
 1 0.0022105554020447637
 1 0.0022105554020447637
 1 0.0022105554020447637
 1 0.0022412575604064968
 1 0.0022412575604064968
 1 0.0022412575604064968
 1 0.0022412575604064968
 1 0.0022412575604064968
 1 0.0022412575604064968
 1 0.0022719597187682294
 1 0.0022719597187682294
 1 0.0022719597187682294
 1 0.0022719597187682294
 1 0.0022719597187682294
 1 0.0022719597187682294
 1 0.0022719597187682294
 1 0.0022719597187682294
 1 0.0022719597187682294
 1 0.0022719597187682294
 1 0.0023333640354916952
 1 0.0023333640354916952
 1 0.0023333640354916952
 1 0.0023333640354916952
 1 0.0023333640354916952
 1 0.0023333640354916952
 1 0.0023333640354916952
 1 0.0023333640354916952
 1 0.0023333640354916952
 1 0.0023333640354916952
 1 0.0023333640354916952
 1 0.0023333640354916952
 1 0.0023640661938534278
 1 0.0023640661938534278
 1 0.0023640661938534278
 1 0.0023640661938534278
 1 0.0024254705105768936
 1 0.0024561726689386262
 1 0.0024561726689386262
 1 0.0024561726689386262
 1 0.0024561726689386262
 1 0.0024561726689386262
 1 0.0024561726689386262
 1 0.0024868748273003593
 1 0.0024868748273003593
 1 0.0024868748273003593
 1 0.0024868748273003593
 1 0.0024868748273003593
 1 0.0024868748273003593
 1 0.0024868748273003593
 1 0.0024868748273003593
 1 0.0024868748273003593
 1 0.0024868748273003593
 1 0.0024868748273003593
 1 0.0024868748273003593
 1 0.0024868748273003593
 1 0.002517576985662092
 1 0.002517576985662092
 1 0.002517576985662092
 1 0.002517576985662092
 1 0.002517576985662092
 1 0.002517576985662092
 1 0.002517576985662092
 1 0.002517576985662092
 1 0.0025482791440238251
 1 0.0025482791440238251
 1 0.0025789813023855577
 1 0.0025789813023855577
 1 0.0025789813023855577
 1 0.0025789813023855577
 1 0.0025789813023855577
 1 0.0025789813023855577
 1 0.0026403856191090235
 1 0.0026403856191090235
 1 0.0026403856191090235
 1 0.0026403856191090235
 1 0.0026403856191090235
