# Created by Octave 6.0.0, Wed Apr 03 01:20:42 2019 UTC <root@8eb87f21d7c1>
# name: pr_curve
# type: matrix
# rows: 1000
# columns: 2
 1 8.9458774414790523e-05
 1 0.00011927836588638736
 1 0.00011927836588638736
 1 0.00017891754882958105
 1 0.00017891754882958105
 1 0.00020873714030117787
 1 0.00020873714030117787
 1 0.00020873714030117787
 1 0.00023855673177277471
 1 0.00023855673177277471
 1 0.00023855673177277471
 1 0.00026837632324437156
 1 0.00026837632324437156
 1 0.00026837632324437156
 1 0.00032801550618756525
 1 0.00041747428060235573
 1 0.00041747428060235573
 1 0.00044729387207395258
 1 0.00047711346354554942
 1 0.00047711346354554942
 1 0.00050693305501714621
 1 0.00050693305501714621
 1 0.00050693305501714621
 1 0.00050693305501714621
 1 0.00053675264648874311
 1 0.00053675264648874311
 1 0.00053675264648874311
 1 0.00053675264648874311
 1 0.00053675264648874311
 1 0.00053675264648874311
 1 0.00053675264648874311
 1 0.00053675264648874311
 1 0.00053675264648874311
 1 0.00053675264648874311
 1 0.00053675264648874311
 1 0.00056657223796033991
 1 0.0005963918294319368
 1 0.0006262114209035336
 1 0.0006560310123751305
 1 0.00068585060384672729
 1 0.00068585060384672729
 1 0.00071567019531832419
 1 0.00071567019531832419
 1 0.00071567019531832419
 1 0.00074548978678992098
 1 0.00074548978678992098
 1 0.00074548978678992098
 1 0.00074548978678992098
 1 0.00077530937826151777
 1 0.00077530937826151777
 1 0.00077530937826151777
 1 0.00089458774414790515
 1 0.00089458774414790515
 1 0.00089458774414790515
 1 0.00089458774414790515
 1 0.00095422692709109884
 1 0.00095422692709109884
 1 0.00095422692709109884
 1 0.00095422692709109884
 1 0.00095422692709109884
 1 0.00095422692709109884
 1 0.00095422692709109884
 1 0.00095422692709109884
 1 0.00095422692709109884
 1 0.00095422692709109884
 1 0.00095422692709109884
 1 0.00095422692709109884
 1 0.00095422692709109884
 1 0.0010436857015058893
 1 0.0010436857015058893
 1 0.0010436857015058893
 1 0.0010436857015058893
 1 0.0010436857015058893
 1 0.0010436857015058893
 1 0.0010735052929774862
 1 0.0010735052929774862
 1 0.0010735052929774862
 1 0.0010735052929774862
 1 0.0010735052929774862
 1 0.0010735052929774862
 1 0.0010735052929774862
 1 0.0010735052929774862
 1 0.0010735052929774862
 1 0.0010735052929774862
 1 0.0011033248844490831
 1 0.0011033248844490831
 1 0.0011033248844490831
 1 0.0011331444759206798
 1 0.0011629640673922767
 1 0.0011927836588638736
 1 0.0011927836588638736
 1 0.0012226032503354705
 1 0.0012226032503354705
 1 0.0012226032503354705
 1 0.0012524228418070672
 1 0.0012822424332786641
 1 0.001312062024750261
 1 0.0013418816162218577
 1 0.0013418816162218577
 1 0.0013418816162218577
 1 0.0013418816162218577
 1 0.0013418816162218577
 1 0.0013418816162218577
 1 0.0013418816162218577
 1 0.0013717012076934546
 1 0.0013717012076934546
 1 0.0014015207991650515
 1 0.0014015207991650515
 1 0.0014015207991650515
 1 0.0014015207991650515
 1 0.0014015207991650515
 1 0.0014313403906366484
 1 0.0014313403906366484
 1 0.0014611599821082451
 1 0.0014611599821082451
 1 0.0014611599821082451
 1 0.0014611599821082451
 1 0.001490979573579842
 1 0.001490979573579842
 1 0.001490979573579842
 1 0.001490979573579842
 1 0.0015207991650514389
 1 0.0015207991650514389
 1 0.0015506187565230355
 1 0.0015804383479946324
 1 0.0015804383479946324
 1 0.0016102579394662293
 1 0.0016102579394662293
 1 0.0016400775309378262
 1 0.0016400775309378262
 1 0.0016400775309378262
 1 0.0016698971224094229
 1 0.0016698971224094229
 1 0.0016698971224094229
 1 0.0016698971224094229
 1 0.0016698971224094229
 1 0.0016698971224094229
 1 0.0016698971224094229
 1 0.0016997167138810198
 1 0.0016997167138810198
 1 0.0016997167138810198
 1 0.0016997167138810198
 1 0.0016997167138810198
 1 0.0016997167138810198
 1 0.0016997167138810198
 1 0.0017295363053526167
 1 0.0017295363053526167
 1 0.0017295363053526167
 1 0.0017295363053526167
 1 0.0017295363053526167
 1 0.0017295363053526167
 1 0.0017295363053526167
 1 0.0017295363053526167
 1 0.0017295363053526167
 1 0.0017295363053526167
 1 0.0017295363053526167
 1 0.0017295363053526167
 1 0.0017891754882958103
 1 0.0017891754882958103
 1 0.0017891754882958103
 1 0.0018189950797674072
 1 0.0018189950797674072
 1 0.0018189950797674072
 1 0.0018189950797674072
 1 0.0018189950797674072
 1 0.0018189950797674072
 1 0.0018189950797674072
 1 0.0018189950797674072
 1 0.0018189950797674072
 1 0.0018189950797674072
 1 0.0018189950797674072
 1 0.0018189950797674072
 1 0.0018189950797674072
 1 0.0018189950797674072
 1 0.0018488146712390041
 1 0.0018488146712390041
 1 0.0018786342627106008
 1 0.0018786342627106008
 1 0.0018786342627106008
 1 0.0018786342627106008
 1 0.0019084538541821977
 1 0.0019084538541821977
 1 0.0019680930371253915
 1 0.0019680930371253915
 1 0.0019680930371253915
 1 0.0019979126285969884
 1 0.0019979126285969884
 1 0.0019979126285969884
 1 0.0019979126285969884
 1 0.0019979126285969884
 1 0.0019979126285969884
 1 0.0019979126285969884
 1 0.0019979126285969884
 1 0.0019979126285969884
 1 0.0019979126285969884
 1 0.0019979126285969884
 1 0.0019979126285969884
 1 0.0019979126285969884
 1 0.0019979126285969884
 1 0.0019979126285969884
 1 0.0019979126285969884
 1 0.0019979126285969884
 1 0.0020277322200685849
 1 0.0020277322200685849
 1 0.0020277322200685849
 1 0.0020277322200685849
 1 0.0020277322200685849
 1 0.0020277322200685849
 1 0.0020277322200685849
 1 0.0020277322200685849
 1 0.0020277322200685849
 1 0.0020277322200685849
 1 0.0020277322200685849
 1 0.0020277322200685849
 1 0.0020575518115401818
 1 0.0021171909944833756
 1 0.0021171909944833756
 1 0.0021171909944833756
 1 0.0021171909944833756
 1 0.0021171909944833756
 1 0.0021171909944833756
 1 0.0021171909944833756
 1 0.0021171909944833756
 1 0.0021171909944833756
 1 0.0021171909944833756
 1 0.0021470105859549725
 1 0.0021470105859549725
 1 0.0021470105859549725
 1 0.0021470105859549725
 1 0.0021470105859549725
 1 0.0021470105859549725
 1 0.0021470105859549725
 1 0.0021470105859549725
 1 0.0021470105859549725
 1 0.0021470105859549725
 1 0.0021470105859549725
 1 0.0021470105859549725
 1 0.0021470105859549725
 1 0.0021470105859549725
 1 0.0021470105859549725
 1 0.0021768301774265694
 1 0.0021768301774265694
 1 0.0021768301774265694
 1 0.0021768301774265694
 1 0.0021768301774265694
 1 0.0021768301774265694
 1 0.0022066497688981663
 1 0.0022066497688981663
 1 0.0022066497688981663
 1 0.0022066497688981663
 1 0.0022066497688981663
 1 0.0022066497688981663
 1 0.0022066497688981663
 1 0.0022066497688981663
 1 0.0022066497688981663
 1 0.0022066497688981663
 1 0.0022662889518413596
 1 0.0022662889518413596
 1 0.0022662889518413596
 1 0.0022662889518413596
 1 0.0022662889518413596
 1 0.0022662889518413596
 1 0.0022662889518413596
 1 0.0022662889518413596
 1 0.0022662889518413596
 1 0.0022662889518413596
 1 0.0022662889518413596
 1 0.0022662889518413596
 1 0.0022961085433129565
 1 0.0022961085433129565
 1 0.0022961085433129565
 1 0.0022961085433129565
 1 0.0023557477262561503
 1 0.0023855673177277472
 1 0.0023855673177277472
 1 0.0023855673177277472
 1 0.0023855673177277472
 1 0.0023855673177277472
 1 0.0023855673177277472
 1 0.0024153869091993441
 1 0.0024153869091993441
 1 0.0024153869091993441
 1 0.0024153869091993441
 1 0.0024153869091993441
 1 0.0024153869091993441
 1 0.0024153869091993441
 1 0.0024153869091993441
 1 0.0024153869091993441
 1 0.0024153869091993441
 1 0.0024153869091993441
 1 0.0024153869091993441
 1 0.0024153869091993441
 1 0.002445206500670941
 1 0.002445206500670941
 1 0.002445206500670941
 1 0.002445206500670941
 1 0.002445206500670941
 1 0.002445206500670941
 1 0.002445206500670941
 1 0.002445206500670941
 1 0.0024750260921425375
 1 0.0024750260921425375
 1 0.0025048456836141344
 1 0.0025048456836141344
 1 0.0025048456836141344
 1 0.0025048456836141344
 1 0.0025048456836141344
 1 0.0025048456836141344
 1 0.0025644848665573282
 1 0.0025644848665573282
 1 0.0025644848665573282
 1 0.0025644848665573282
