# Created by Octave 6.0.0, Thu May 09 18:37:40 2019 UTC <root@dfb1f53c7f20>
# name: pr_curve
# type: matrix
# rows: 1000
# columns: 2
 0.98076923076923073 0.0031316201528967485
 0.97894736842105268 0.0057106014552823067
 0.96296296296296291 0.0079825611740505353
 0.94578313253012047 0.0096404777255841081
 0.93147208121827407 0.011267692118755949
 0.9329004329004329 0.013232630253906849
 0.92706333973128596 0.014829142488716958
 0.92832167832167833 0.016302846090080134
 0.92071197411003236 0.017469528107825979
 0.91384615384615386 0.0182370820668693
 0.90988372093023251 0.019219551134444752
 0.89958734525447037 0.020079211568573271
 0.89542483660130723 0.021030978477786989
 0.89382716049382716 0.022228362653894568
 0.89047619047619042 0.022965214454576156
 0.88496583143507968 0.023855577047066409
 0.87938596491228072 0.02462313100610973
 0.87643979057591626 0.025697706548770377
 0.86794354838709675 0.026434558349451968
 0.86640851887705717 0.027478431733750884
 0.86514719848053179 0.027969666267538607
 0.86270871985157704 0.028553007276411531
 0.85394265232974909 0.029259156918731388
 0.84965034965034969 0.029842497927604312
 0.8419711129991504 0.030425838936477233
 0.83609271523178808 0.031009179945350157
 0.82999198075380909 0.031776733904393478
 0.8305621536025336 0.03220656412145774
 0.8269976726144298 0.032728500813607196
 0.82406702208682403 0.033219735347394919
 0.82185628742514971 0.033710969881182648
 0.81918008784773055 0.034355715206779033
 0.81713462922966162 0.034846949740566763
 0.81497175141242939 0.035430290749439687
 0.80988857938718661 0.035706610174695279
 0.80727023319615909 0.03613644039175954
 0.80592991913746626 0.036719781400632465
 0.80440587449933243 0.036996100825888063
 0.80236375574523966 0.03751803751803752
 0.79754996776273368 0.037978569893463508
 0.79556962025316458 0.038592613060698167
 0.79237023139462159 0.038899634644315492
 0.7905113986444855 0.039390869178103222
 0.79014598540145986 0.039882103711890944
 0.78725961538461542 0.040219827453870004
 0.7857142857142857 0.040526849037487336
 0.78504122497055362 0.040925977096189864
 0.78384660081348057 0.041417211629977586
 0.78403216542217113 0.041908446163765316
 0.78201479795105289 0.042184765589020908
 0.78133783024170878 0.042676000122808637
 0.78142380422691882 0.043136532498234625
 0.77924944812362029 0.043351447606766756
 0.77765607886089816 0.043597064873660621
 0.77699403147042867 0.043965490774001414
 0.77658431793770144 0.044395320991065669
 0.77381585949973386 0.044640938257959534
 0.77102062400846116 0.044763746891406463
 0.76834381551362685 0.045009364158300327
 0.7669601242879337 0.045469896533726323
 0.76488706365503079 0.045746215958981915
 0.76338602753697093 0.045961131067514045
 0.76337033299697277 0.046452365601301775
 0.75984055804683603 0.046820791501642568
 0.7574110671936759 0.047066408768536426
 0.75453209211170991 0.047281323877068557
 0.75279261777561923 0.047588345460685889
 0.7520501688374337 0.047864664885941481
 0.74988043998087039 0.04814098431119708
 0.74904761904761907 0.048294495103005743
 0.74763705103969758 0.048570814528261334
 0.74624765478424016 0.048847133953516933
 0.7441752096924511 0.04903134690368733
 0.74132346136048122 0.049184857695495993
 0.73873045078196875 0.049307666328942922
 0.73559011893870085 0.049369070645666389
 0.73499999999999999 0.049645390070921988
 0.73429733393583374 0.049891007337815846
 0.73267769333929367 0.050320837554880107
 0.73001776198934276 0.05047434834668877
 0.72980132450331126 0.050750667771944369
 0.72914837576821778 0.050996285038838234
 0.72845953002610964 0.051395413097540754
 0.72625215889464589 0.051641030364434619
 0.72527944969905422 0.051794541156243282
 0.72345890410958902 0.051886647631328484
 0.72290692732681683 0.052224371373307543
 0.72135306553911205 0.052377882165116206
 0.72119428090832638 0.052654201590371805
 0.72025052192066807 0.05296122317398913
 0.71867219917012448 0.053176138282521261
 0.71823432343234328 0.05345245770777686
 0.71832718327183276 0.053790181449755919
 0.71934826883910385 0.054220011666820181
 0.71747061207944873 0.05434282030026711
 0.7180829641562626 0.054741948358969637
 0.71788715486194477 0.055079672100948697
 0.71747805267358344 0.055202480734395626
 0.71723590150913419 0.055448098001289491
 0.71677215189873422 0.055632310951459887
 0.71692913385826773 0.055908630376715486
 0.71517996870109546 0.05612354548524761
 0.71573208722741433 0.056430567068864942
 0.7143965851765619 0.056522673543950137
 0.71345931353644432 0.056798992969205736
 0.7129665255867641 0.056891099444290931
 0.71248085758039814 0.057136716711184796
 0.71205781666032708 0.057474440453163855
 0.71109428246876183 0.057658653403334252
 0.71132856605193828 0.058027079303675046
 0.70948469006721437 0.058334100887292378
 0.70918557084417999 0.058549015995824509
 0.70814814814814819 0.058702526787633172
 0.70738007380073797 0.058856037579441835
 0.70594713656387664 0.059040250529612232
 0.70555961960497438 0.059224463479782628
 0.70470288005833026 0.059347272113229557
 0.70387821674519757 0.059623591538485156
 0.70386421090646445 0.059838506647017287
 0.70273184759166063 0.060022719597187683
 0.7014285714285714 0.060299039022443275
 0.70124777183600717 0.060391145497528477
 0.70063920454545459 0.060575358447698874
 0.70010596962204164 0.060851677872954466
 0.70056298381421533 0.061127997298210064
 0.70003512469265894 0.061189401614933532
 0.69979006298110569 0.061404316723465663
 0.69825783972125433 0.061527125356912592
 0.69690649982620789 0.061557827515274326
 0.69636048526863081 0.061680636148721255
 0.69554711770797373 0.061864849098891651
 0.69495018893850913 0.062110466365785516
 0.69544364508393286 0.062325381474317647
 0.69522184300341294 0.062540296582849778
 0.69471890971039185 0.062601700899573245
 0.69465132024373732 0.063000828958275773
 0.69342327150084315 0.063123637591722695
 0.69220430107526887 0.063246446225169631
 0.69235924932975867 0.063430659175340021
 0.69220475075276011 0.063522765650425222
 0.69141145139813587 0.063768382917319094
 0.6905235255135852 0.063983298025851218
 0.68995057660626025 0.064290319609468544
 0.68947368421052635 0.064351723926192012
 0.68922470433639949 0.064413128242915479
 0.68960996394624718 0.064597341193085869
 0.68807040417209908 0.064812256301618007
 0.68638284042898923 0.064842958459979741
 0.68523316062176165 0.064965767093426663
 0.68431245965138798 0.065088575726873599
 0.68360128617363347 0.065272788677044002
 0.68181818181818177 0.065395597310490924
 0.68144132653061229 0.065610512419023062
 0.68095238095238098 0.06585612968591692
 0.67996201329534667 0.065948236161002122
 0.67939413064058063 0.066101746952810778
 0.67928098391674552 0.066132449111172512
 0.67861635220125782 0.066255257744619447
 0.67732831608654753 0.066316662061342915
 0.67677399187246012 0.066470172853151571
 0.67654398003742977 0.066592981486598507
 0.67640658999067449 0.066807896595130631
 0.67627013630731103 0.067022811703662769
 0.67605198019801982 0.067084216020386236
 0.67613460944736026 0.067237726812194892
 0.67466912896275777 0.06729913112891836
 0.67424009824992326 0.067421939762365296
 0.67443286327406504 0.067544748395812232
 0.67411260709914322 0.06763685487089742
 0.67377398720682302 0.067913174296153025
 0.67294260552687524 0.068035982929599947
 0.67282082324455206 0.068250898038132085
 0.67251285152706375 0.068281600196493819
 0.67169583584791792 0.068343004513217273
 0.67096967877514258 0.068619323938472879
 0.67026055705300991 0.068711430413558067
 0.66965352449223414 0.068834239047005003
 0.66835367668949097 0.068926345522090204
 0.66845078798691648 0.069018451997175406
 0.66814814814814816 0.06923336710570753
 0.6680461129175288 0.0693868778975162
 0.66725663716814154 0.069448282214239668
 0.66715758468335784 0.069540388689324856
 0.66647093364650611 0.069693899481133526
 0.66598300615294459 0.069786005956218727
 0.66501023092662959 0.069847410272942181
 0.66394637132031475 0.069939516748027383
 0.66433770014556037 0.070062325381474319
