# Created by Octave 6.0.0, Mon May 13 16:36:00 2019 UTC <root@f2dce4ad1fbc>
# name: pr_curve
# type: matrix
# rows: 1000
# columns: 2
 1 0.017751479289940829
 1 0.034516765285996058
 1 0.044378698224852069
 0.98113207547169812 0.05128205128205128
 0.98305084745762716 0.057199211045364892
 0.9850746268656716 0.065088757396449703
 0.98684210526315785 0.073964497041420121
 0.98780487804878048 0.079881656804733733
 0.98863636363636365 0.085798816568047331
 0.98888888888888893 0.087771203155818545
 0.97938144329896903 0.093688362919132157
 0.98076923076923073 0.10059171597633136
 0.98076923076923073 0.10059171597633136
 0.98095238095238091 0.10157790927021697
 0.98130841121495327 0.10355029585798817
 0.9821428571428571 0.10848126232741617
 0.97391304347826091 0.11045364891518737
 0.97391304347826091 0.11045364891518737
 0.97457627118644063 0.11341222879684418
 0.97499999999999998 0.11538461538461539
 0.97560975609756095 0.11834319526627218
 0.97599999999999998 0.1203155818540434
 0.97619047619047616 0.12130177514792899
 0.97637795275590555 0.1222879684418146
 0.97674418604651159 0.1242603550295858
 0.97744360902255634 0.12820512820512819
 0.97058823529411764 0.13017751479289941
 0.97058823529411764 0.13017751479289941
 0.96402877697841727 0.13214990138067062
 0.96402877697841727 0.13214990138067062
 0.96453900709219853 0.13412228796844181
 0.95862068965517244 0.13708086785009863
 0.95945945945945943 0.14003944773175542
 0.96026490066225167 0.14299802761341224
 0.96103896103896103 0.14595660749506903
 0.96202531645569622 0.14990138067061143
 0.96226415094339623 0.15088757396449703
 0.96296296296296291 0.15384615384615385
 0.96296296296296291 0.15384615384615385
 0.9640718562874252 0.15877712031558186
 0.9640718562874252 0.15877712031558186
 0.9642857142857143 0.15976331360946747
 0.96449704142011838 0.16074950690335305
 0.96551724137931039 0.16568047337278108
 0.96610169491525422 0.16863905325443787
 0.9662921348314607 0.16962524654832348
 0.96648044692737434 0.17061143984220908
 0.96648044692737434 0.17061143984220908
 0.96703296703296704 0.17357001972386588
 0.96721311475409832 0.17455621301775148
 0.96739130434782605 0.17554240631163709
 0.96739130434782605 0.17554240631163709
 0.96739130434782605 0.17554240631163709
 0.96756756756756757 0.1765285996055227
 0.96756756756756757 0.1765285996055227
 0.967741935483871 0.17751479289940827
 0.96808510638297873 0.17948717948717949
 0.96825396825396826 0.18047337278106509
 0.96825396825396826 0.18047337278106509
 0.96842105263157896 0.1814595660749507
 0.96875 0.18343195266272189
 0.96875 0.18343195266272189
 0.96391752577319589 0.18441814595660749
 0.96410256410256412 0.1854043392504931
 0.96464646464646464 0.18836291913214989
 0.96482412060301503 0.1893491124260355
 0.96499999999999997 0.19033530571992111
 0.96534653465346532 0.19230769230769232
 0.96534653465346532 0.19230769230769232
 0.96551724137931039 0.1932938856015779
 0.96568627450980393 0.1942800788954635
 0.96585365853658534 0.19526627218934911
 0.96601941747572817 0.19625246548323472
 0.96634615384615385 0.19822485207100593
 0.96634615384615385 0.19822485207100593
 0.96682464454976302 0.20118343195266272
 0.96713615023474175 0.20315581854043394
 0.96759259259259256 0.20611439842209073
 0.96759259259259256 0.20611439842209073
 0.9678899082568807 0.20808678500986194
 0.9678899082568807 0.20808678500986194
 0.96818181818181814 0.21005917159763313
 0.96875 0.21400394477317555
 0.96875 0.21400394477317555
 0.96888888888888891 0.21499013806706113
 0.96888888888888891 0.21499013806706113
 0.96902654867256632 0.21597633136094674
 0.96902654867256632 0.21597633136094674
 0.96916299559471364 0.21696252465483234
 0.96916299559471364 0.21696252465483234
 0.9692982456140351 0.21794871794871795
 0.9692982456140351 0.21794871794871795
 0.96506550218340614 0.21794871794871795
 0.9652173913043478 0.21893491124260356
 0.96551724137931039 0.22090729783037474
 0.96566523605150212 0.22189349112426035
 0.96566523605150212 0.22189349112426035
 0.96566523605150212 0.22189349112426035
 0.96566523605150212 0.22189349112426035
 0.96566523605150212 0.22189349112426035
 0.96566523605150212 0.22189349112426035
 0.96566523605150212 0.22189349112426035
 0.96595744680851059 0.22386587771203156
 0.96610169491525422 0.22485207100591717
 0.96624472573839659 0.22583826429980275
 0.96694214876033058 0.23076923076923078
 0.96707818930041156 0.23175542406311636
 0.96707818930041156 0.23175542406311636
 0.96721311475409832 0.23274161735700197
 0.96721311475409832 0.23274161735700197
 0.96734693877551026 0.23372781065088757
 0.967741935483871 0.23668639053254437
 0.96399999999999997 0.23767258382642997
 0.96414342629482075 0.23865877712031558
 0.9642857142857143 0.23964497041420119
 0.96442687747035571 0.24063116370808679
 0.96442687747035571 0.24063116370808679
 0.96442687747035571 0.24063116370808679
 0.96442687747035571 0.24063116370808679
 0.96442687747035571 0.24063116370808679
 0.96062992125984248 0.24063116370808679
 0.96062992125984248 0.24063116370808679
 0.96078431372549022 0.2416173570019724
 0.9609375 0.24260355029585798
 0.95719844357976658 0.24260355029585798
 0.95719844357976658 0.24260355029585798
 0.95719844357976658 0.24260355029585798
 0.95736434108527135 0.24358974358974358
 0.95736434108527135 0.24358974358974358
 0.9575289575289575 0.24457593688362919
 0.95769230769230773 0.2455621301775148
 0.95785440613026818 0.2465483234714004
 0.95785440613026818 0.2465483234714004
 0.95785440613026818 0.2465483234714004
 0.95817490494296575 0.24852071005917159
 0.95817490494296575 0.24852071005917159
 0.95817490494296575 0.24852071005917159
 0.95833333333333337 0.2495069033530572
 0.95833333333333337 0.2495069033530572
 0.95833333333333337 0.2495069033530572
 0.95833333333333337 0.2495069033530572
 0.95833333333333337 0.2495069033530572
 0.95849056603773586 0.2504930966469428
 0.95849056603773586 0.2504930966469428
 0.95864661654135341 0.25147928994082841
 0.95880149812734083 0.25246548323471402
 0.95522388059701491 0.25246548323471402
 0.95539033457249067 0.25345167652859962
 0.95539033457249067 0.25345167652859962
 0.95539033457249067 0.25345167652859962
 0.95539033457249067 0.25345167652859962
 0.9555555555555556 0.25443786982248523
 0.955719557195572 0.25542406311637084
 0.955719557195572 0.25542406311637084
 0.955719557195572 0.25542406311637084
 0.955719557195572 0.25542406311637084
 0.955719557195572 0.25542406311637084
 0.955719557195572 0.25542406311637084
 0.95588235294117652 0.25641025641025639
 0.95588235294117652 0.25641025641025639
 0.95588235294117652 0.25641025641025639
 0.95604395604395609 0.25739644970414199
 0.95289855072463769 0.25936883629191321
 0.94964028776978415 0.26035502958579881
 0.94964028776978415 0.26035502958579881
 0.94964028776978415 0.26035502958579881
 0.94964028776978415 0.26035502958579881
 0.94964028776978415 0.26035502958579881
 0.94999999999999996 0.26232741617357003
 0.94999999999999996 0.26232741617357003
 0.94999999999999996 0.26232741617357003
 0.95035460992907805 0.26429980276134124
 0.95035460992907805 0.26429980276134124
 0.95035460992907805 0.26429980276134124
 0.95035460992907805 0.26429980276134124
 0.95053003533568903 0.26528599605522685
 0.95053003533568903 0.26528599605522685
 0.95053003533568903 0.26528599605522685
 0.94755244755244761 0.267258382642998
 0.94773519163763065 0.26824457593688361
 0.94773519163763065 0.26824457593688361
 0.94773519163763065 0.26824457593688361
 0.94827586206896552 0.27120315581854043
 0.94827586206896552 0.27120315581854043
 0.94827586206896552 0.27120315581854043
 0.94827586206896552 0.27120315581854043
 0.94845360824742264 0.27218934911242604
 0.94845360824742264 0.27218934911242604
 0.94845360824742264 0.27218934911242604
 0.94845360824742264 0.27218934911242604
 0.94845360824742264 0.27218934911242604
 0.94845360824742264 0.27218934911242604
 0.94845360824742264 0.27218934911242604
 0.94845360824742264 0.27218934911242604
 0.94845360824742264 0.27218934911242604
