# Created by Octave 6.0.0, Sat Apr 06 14:43:09 2019 UTC <root@1dc2482b518c>
# name: pr_curve
# type: matrix
# rows: 1000
# columns: 2
 1 0.00091984231274638633
 1 0.0021024967148488829
 1 0.0030223390275952696
 1 0.0035479632063074901
 1 0.0045992115637319315
 1 0.006438896189224704
 1 0.0069645203679369249
 1 0.0077529566360052564
 0.98484848484848486 0.0085413929040735869
 0.98550724637681164 0.0089356110381077526
 0.98666666666666669 0.009724047306176084
 0.9882352941176471 0.011038107752956636
 0.98969072164948457 0.012614980289093298
 0.99019607843137258 0.013272010512483574
 0.9910714285714286 0.014586070959264126
 0.99193548387096775 0.016162943495400789
 0.984375 0.016557161629434953
 0.98529411764705888 0.017608409986859395
 0.9859154929577465 0.018396846254927726
 0.98639455782312924 0.019053876478318004
 0.98666666666666669 0.019448094612352168
 0.98709677419354835 0.020105124835742443
 0.98726114649681529 0.020367936925098553
 0.98787878787878791 0.021419185282522995
 0.98816568047337283 0.021944809461235216
 0.98870056497175141 0.022996057818659658
 0.98930481283422456 0.02431011826544021
 0.98936170212765961 0.024441524310118267
 0.98461538461538467 0.025229960578186595
 0.98484848484848486 0.025624178712220762
 0.98522167487684731 0.026281208935611037
 0.9854368932038835 0.026675427069645204
 0.9859154929577465 0.027595269382391589
 0.98623853211009171 0.028252299605781867
 0.98630136986301364 0.028383705650459921
 0.98654708520179368 0.028909329829172142
 0.98689956331877726 0.029697766097240473
 0.98701298701298701 0.029960578186596584
 0.9874476987447699 0.031011826544021025
 0.98780487804878048 0.03193166885676741
 0.98832684824902728 0.03337713534822602
 0.9884615384615385 0.033771353482260187
 0.98863636363636365 0.034296977660972408
 0.98880597014925375 0.034822601839684622
 0.98892988929889303 0.03521681997371879
 0.98909090909090913 0.03574244415243101
 0.98936170212765961 0.036662286465177399
 0.98951048951048948 0.03718791064388962
 0.98954703832752611 0.037319316688567673
 0.98965517241379308 0.037713534822601841
 0.98986486486486491 0.038501971090670169
 0.99003322259136217 0.03915900131406045
 0.99013157894736847 0.039553219448094611
 0.99016393442622952 0.039684625492772664
 0.99029126213592233 0.040210249671484885
 0.99038461538461542 0.040604467805519052
 0.99047619047619051 0.04099868593955322
 0.990506329113924 0.041130091984231273
 0.99062499999999998 0.041655716162943494
 0.9907407407407407 0.042181340341655715
 0.99085365853658536 0.042706964520367936
 0.99093655589123864 0.043101182654402104
 0.9910714285714286 0.043758212877792378
 0.99125364431486884 0.044678055190538767
 0.99137931034482762 0.045335085413929041
 0.99142857142857144 0.045597897503285148
 0.9915730337078652 0.046386333771353483
 0.99159663865546221 0.046517739816031536
 0.99168975069252074 0.047043363994743757
 0.99175824175824179 0.047437582128777925
 0.99178082191780825 0.047568988173455978
 0.99182561307901906 0.047831800262812092
 0.99189189189189186 0.048226018396846253
 0.98927613941018766 0.048488830486202367
 0.98930481283422456 0.04862023653088042
 0.98938992042440321 0.049014454664914588
 0.98941798941798942 0.049145860709592641
 0.98955613577023493 0.049802890932982916
 0.98966408268733852 0.050328515111695137
 0.98971722365038561 0.05059132720105125
 0.98974358974358978 0.050722733245729304
 0.98979591836734693 0.050985545335085411
 0.98992443324937029 0.051642575558475692
 0.9900249376558603 0.052168199737187913
 0.9900249376558603 0.052168199737187913
 0.99004975124378114 0.052299605781865967
 0.99012345679012348 0.052693823915900134
 0.9901719901719902 0.052956636005256241
 0.99019607843137258 0.053088042049934295
 0.99033816425120769 0.05387647831800263
 0.99040767386091122 0.054270696452036797
 0.99054373522458627 0.055059132720105125
 0.99056603773584906 0.055190538764783179
 0.99058823529411766 0.055321944809461232
 0.99065420560747663 0.055716162943495399
 0.99076212471131642 0.056373193166885674
 0.99082568807339455 0.056767411300919841
 0.9908675799086758 0.057030223390275955
 0.99092970521541945 0.057424441524310116
 0.99097065462753953 0.05768725361366623
 0.99103139013452912 0.058081471747700397
 0.9910714285714286 0.058344283837056504
 0.99111111111111116 0.058607095926412618
 0.99113082039911304 0.058738501971090672
 0.99116997792494477 0.059001314060446779
 0.99120879120879124 0.059264126149802893
 0.99128540305010893 0.059789750328515114
 0.9913419913419913 0.060183968462549274
 0.99145299145299148 0.060972404730617609
 0.99150743099787686 0.061366622864651776
 0.99159663865546221 0.062023653088042051
 0.99164926931106467 0.062417871222076218
 0.9916666666666667 0.062549277266754272
 0.9916666666666667 0.062549277266754272
 0.99170124481327804 0.062812089356110379
 0.99173553719008267 0.063074901445466486
 0.99178644763860369 0.06346911957950066
 0.99188640973630826 0.064257555847568995
 0.99188640973630826 0.064257555847568995
 0.99193548387096775 0.064651773981603156
 0.99201596806387227 0.065308804204993423
 0.99201596806387227 0.065308804204993423
 0.99204771371769385 0.065571616294349544
 0.9920948616600791 0.065965834428383704
 0.99217221135029354 0.066622864651773986
 0.99217221135029354 0.066622864651773986
 0.99221789883268485 0.067017082785808146
 0.99227799227799229 0.067542706964520374
 0.99229287090558771 0.067674113009198428
 0.99229287090558771 0.067674113009198428
 0.9923371647509579 0.068068331143232588
 0.99236641221374045 0.068331143232588695
 0.99242424242424243 0.068856767411300923
 0.99250936329588013 0.069645203679369244
 0.9925373134328358 0.069908015768725365
 0.99261992619926198 0.070696452036793686
 0.99268738574040216 0.071353482260183967
 0.99270072992700731 0.071484888304862021
 0.99272727272727268 0.071747700394218128
 0.99276672694394208 0.072141918528252302
 0.99281867145421898 0.072667542706964516
 0.99283154121863804 0.07279894875164257
 0.99288256227758009 0.073324572930354798
 0.99290780141843971 0.073587385019710905
 0.99290780141843971 0.073587385019710905
 0.99293286219081267 0.073850197109067012
 0.99298245614035086 0.07437582128777924
 0.99301919720767884 0.0747700394218134
 0.99304347826086958 0.075032851511169507
 0.99307958477508651 0.075427069645203682
 0.99310344827586206 0.075689881734559789
 0.99316239316239319 0.07634691195795007
 0.99318568994889267 0.076609724047306177
 0.99320882852292025 0.076872536136662284
 0.99323181049069376 0.077135348226018391
 0.99328859060402686 0.077792378449408672
 0.99328859060402686 0.077792378449408672
 0.99331103678929766 0.078055190538764779
 0.99335548172757471 0.078580814717477007
 0.99341021416803954 0.079237844940867275
 0.99342105263157898 0.079369250985545328
 0.99344262295081964 0.079632063074901449
 0.99347471451876024 0.08002628120893561
 0.99349593495934962 0.080289093298291717
 0.99349593495934962 0.080289093298291717
 0.99350649350649356 0.08042049934296977
 0.99354838709677418 0.080946123521681998
 0.99354838709677418 0.080946123521681998
 0.99355877616747179 0.081077529566360051
 0.9935794542536116 0.081340341655716158
 0.9935794542536116 0.081340341655716158
 0.99358974358974361 0.081471747700394212
 0.99361022364217255 0.081734559789750333
 0.99363057324840764 0.08199737187910644
 0.99368088467614535 0.082654402102496721
 0.99213836477987416 0.082917214191852828
 0.99059561128526641 0.083048620236530882
 0.99061032863849763 0.083180026281208935
 0.99063962558502339 0.083442838370565042
 0.99069767441860468 0.08396846254927727
 0.99072642967542501 0.084231274638633377
 0.99076923076923074 0.084625492772667538
 0.99078341013824889 0.084756898817345591
 0.99081163859111787 0.085019710906701712
 0.9893129770992366 0.085151116951379766
 0.98937784522003036 0.08567674113009198
 0.98939393939393938 0.085808147174770033
 0.98942598187311182 0.086070959264126154
 0.98942598187311182 0.086070959264126154
 0.98947368421052628 0.086465177398160314
 0.98948948948948945 0.086596583442838368
