# Created by Octave 6.0.0, Thu Apr 18 05:31:47 2019 UTC <root@21d556ee2d60>
# name: pr_curve
# type: matrix
# rows: 1000
# columns: 2
 1 0.0032237266279819469
 0.99481865284974091 0.0058948144054527035
 0.99259259259259258 0.0082281784409443982
 0.98787878787878791 0.010008903625924902
 0.9874055415617129 0.01203524607779927
 0.98920086393088558 0.014061588529673636
 0.98857142857142855 0.01593442018973934
 0.98951048951048948 0.01737742163274078
 0.98869143780290791 0.01878972091738049
 0.98617511520737322 0.019710785668232478
 0.9869565217391304 0.020908169844340057
 0.9861687413554634 0.021890638911915509
 0.98560209424083767 0.023118725246384822
 0.98513011152416352 0.0244082158975776
 0.9856459330143541 0.025298578490067853
 0.98519362186788151 0.026557366982898897
 0.98451327433628322 0.027324920941942218
 0.9853556485355649 0.028921433176752324
 0.9848790322580645 0.029996008719412975
 0.98443579766536971 0.031070584262073625
 0.98477640342530925 0.031776733904393478
 0.98513011152416352 0.032544287863436799
 0.98559855985598555 0.033618863406097446
 0.98427947598253274 0.034601332473672898
 0.9838709677419355 0.03558380154124835
 0.98338870431893688 0.036351355500291671
 0.98298217179902758 0.037241718092781921
 0.98339920948616599 0.038193485001995639
 0.98289269051321926 0.038807528169230297
 0.9818043972706596 0.039759295078444015
 0.9821428571428571 0.040526849037487336
 0.98102189781021898 0.041263700838168924
 0.98125450612833454 0.04178563753031838
 0.9816254416961131 0.042645297964446903
 0.9819444444444444 0.043412851923490224
 0.98210598761183754 0.043811979982192745
 0.98232494901427603 0.044364618832703942
 0.98251513113651645 0.044855853366491664
 0.9821546596166556 0.045623407325534986
 0.9825129533678757 0.046575174234748704
 0.98222222222222222 0.047496238985600688
 0.98180677540777916 0.048048877836111878
 0.98205445544554459 0.048724325320070004
 0.98169615619280048 0.049399772804028123
 0.98134777376654636 0.050075220287986243
 0.98153662894580107 0.050597156980135706
 0.98115429917550057 0.051149795830646896
 0.98139534883720925 0.051825243314605016
 0.98155619596541788 0.052285775690031011
 0.98179749715585896 0.052991925332350864
 0.98088813940415964 0.053575266341223789
 0.98051224944320714 0.054066500875011511
 0.97953539823008851 0.054373522458628844
 0.97928026172300986 0.055141076417672165
 0.97942609637249589 0.055540204476374692
 0.9790322580645161 0.055908630376715486
 0.97871208089409256 0.056461269227226676
 0.97840968931016326 0.057044610236099601
 0.97859007832898171 0.057535844769887323
 0.97832817337461297 0.058211292253845442
 0.97845048742945095 0.058549015995824509
 0.97862595419847331 0.059040250529612232
 0.97834843907351465 0.05965429369684689
 0.97804391217564868 0.060176230388996346
 0.97823936696340252 0.060728869239507537
 0.97788697788697787 0.06109729513984833
 0.97802734375 0.061496423198550858
 0.97775628626692457 0.062079764207423782
 0.97796934865900387 0.062693807374658433
 0.97808480228680328 0.063031531116637493
 0.97728348319924274 0.063399957016978287
 0.97653683716564998 0.063891191550766016
 0.97579143389199252 0.064351723926192012
 0.97546296296296298 0.064689447668171071
 0.97470101195952163 0.065057873568511865
 0.9748168498168498 0.06536489515212919
 0.9735883424408015 0.065641214577384796
 0.97376752600633198 0.066101746952810778
 0.97353073126962764 0.066623683644960241
 0.97332147621164966 0.067207024653833158
 0.97306843267108167 0.067667557029259154
 0.97328077091546206 0.068220195879770351
 0.97346672466289697 0.068711430413558067
 0.97368421052631582 0.069294771422430998
 0.97337913267496778 0.069601793006048324
 0.97351559162750956 0.069970218906389117
 0.97363945578231292 0.070307942648368177
 0.97333897587812102 0.070614964231985503
 0.97348484848484851 0.07101409229068803
 0.9728940783986656 0.071628135457922695
 0.97306257770410276 0.072088667833348691
 0.97233691164327007 0.072303582941880815
 0.97243932538050182 0.072579902367136406
 0.97217675941080195 0.0729483282674772
 0.97203080664775032 0.073623775751435319
 0.9722780233025311 0.074299223235393452
 0.97241103558576569 0.074667649135734246
 0.97243308030363562 0.074729053452457714
 0.97223324077746931 0.075250990144607163
 0.97233201581027673 0.075527309569862755
 0.97215686274509805 0.076110650578735686
 0.97226562500000002 0.076417672162353012
 0.97206053550640281 0.076908906696140741
 0.97138437741686001 0.077123821804672865
 0.97149460708782742 0.077430843388290191
 0.97159309021113249 0.077707162813545796
 0.97055449330783938 0.07792207792207792
 0.97071129707112969 0.078351908139142182
 0.97085541256623775 0.078751036197844709
 0.97061039939713645 0.079088759939823769
 0.97038980509745132 0.079487887998526296
 0.97053338306602011 0.079887016057228824
 0.97070819428995181 0.080378250591016553
 0.97040325564187935 0.080531761382825209
 0.9694965086365307 0.080992293758251205
 0.96957478005865105 0.081207208866783329
 0.96970802919708032 0.081575634767124122
 0.96986201888162671 0.082005464984188384
 0.96939142960028812 0.082650210309784783
 0.9691645751165292 0.082987934051763843
 0.96924177396280398 0.083202849160295966
 0.96930763740185577 0.08338706211046637
 0.96912704045422282 0.083847594485892352
 0.96929050476526646 0.084308126861318347
 0.96904678156876534 0.084584446286573953
 0.96878288319887762 0.084799361395106077
 0.96850944716585019 0.084983574345276466
 0.96861924686192469 0.085290595928893806
 0.96872828353022933 0.085597617512511132
 0.96886890349360077 0.085996745571213659
 0.96896551724137936 0.086273064996469251
 0.96870701513067403 0.086487980105001375
 0.9688249400479616 0.086825703846980448
 0.96855775803144228 0.087009916797150838
 0.96870748299319731 0.0874397470142151
 0.96879240162822255 0.087685364281108957
 0.96861289233884573 0.088115194498173219
 0.96808867987907288 0.088483620398514012
 0.96819551389353864 0.088790641982131338
 0.96762349799732972 0.089005557090663476
 0.96738768718801993 0.089251174357557334
 0.9675066312997348 0.089588898099536393
 0.96727272727272728 0.089834515366430265
 0.96708360763660306 0.090202941266771058
 0.96720236142997706 0.090540665008750118
 0.96700424697811171 0.090878388750729178
 0.96706879686990543 0.091062601700899568
 0.96719714192919781 0.091431027601240361
 0.96674200839522118 0.091922262135028091
 0.96679561573178596 0.09207577292683676
 0.96631376323387874 0.092474900985539288
 0.96608000000000005 0.092689816094071412
 0.96591271105447596 0.093088944152773939
 0.96572516661377339 0.093426667894752999
 0.96550632911392409 0.09367228516164687
 0.96558257025576255 0.093887200270178994
 0.96572327044025152 0.094286328328881522
 0.96549560853199501 0.094501243437413646
 0.96561425445451698 0.094838967179392705
 0.96507639538509515 0.095023180129563109
 0.96518495492695056 0.095330201713180435
 0.9649286157666046 0.09545301034662737
 0.96503712871287128 0.095760031930244696
 0.96480395183698675 0.0959442448804151
 0.96461538461538465 0.096251266464032426
 0.96470227133210562 0.096496883730926283
 0.96478873239436624 0.096742500997820141
 0.96483180428134552 0.096865309631267077
 0.96465569774527726 0.097203033373246137
 0.96443768996960488 0.097417948481778274
 0.96424242424242423 0.097694267907033866
 0.964328899637243 0.097939885173927724
 0.96444712262729737 0.098277608915906783
 0.96452194828622972 0.098492524024438921
 0.96398559423769503 0.098615332657885843
 0.96315158777711207 0.098707439132971045
 0.96299612056102657 0.099075865033311838
 0.96245530393325385 0.09916797150839704
 0.96223609872137972 0.099352184458567444
 0.96233689205219453 0.099628503883823036
 0.96210775606867971 0.099782014675631692
 0.9621749408983451 0.099966227625802095
 0.96171967020023552 0.10027324920941942
 0.96147058823529408 0.10036535568450462
 0.96129032258064517 0.10064167510976021
 0.96116788321167879 0.10107150532682448
 0.96068724519510773 0.1012864204353566
 0.96052249637155296 0.10159344201897394
 0.96061395887633938 0.1018390592858678
